45 
A_db
Moments geometrique centres, normes : 
1.000000 0.000000 0.106299 0.001840 0.024826 0.002067 0.007799 0.001341 0.002854 0.000745 0.001142 0.000390 0.000485 0.000199 0.000214 0.000100 0.000098 0.000050 0.000045 0.000025 0.000022 0.000013 0.000010 0.000006 0.000005 0.000003 0.000002 0.000002 0.000001 0.000001 0.000001 0.000000 0.000000 0.000000 0.000000 0.000000 0.000000 0.000000 0.000000 0.000000 0.000000 0.000000 0.000000 0.000000 0.000000 0.000000 
-0.000000 -0.021193 0.006144 -0.004441 0.001676 -0.001204 0.000464 -0.000377 0.000131 -0.000131 0.000036 -0.000049 0.000009 -0.000020 0.000001 -0.000008 -0.000001 -0.000004 -0.000001 -0.000002 -0.000001 -0.000001 -0.000000 -0.000000 -0.000000 -0.000000 -0.000000 -0.000000 -0.000000 -0.000000 -0.000000 -0.000000 -0.000000 -0.000000 -0.000000 -0.000000 -0.000000 -0.000000 -0.000000 -0.000000 -0.000000 -0.000000 -0.000000 -0.000000 -0.000000 
0.103836 -0.003169 0.009218 -0.001055 0.001898 -0.000281 0.000543 -0.000064 0.000184 -0.000010 0.000068 0.000002 0.000027 0.000003 0.000011 0.000002 0.000005 0.000001 0.000002 0.000001 0.000001 0.000000 0.000000 0.000000 0.000000 0.000000 0.000000 0.000000 0.000000 0.000000 0.000000 0.000000 0.000000 0.000000 0.000000 0.000000 0.000000 0.000000 0.000000 0.000000 0.000000 0.000000 0.000000 0.000000 
-0.002899 -0.004768 0.001237 -0.001002 0.000403 -0.000275 0.000124 -0.000086 0.000040 -0.000029 0.000013 -0.000011 0.000004 -0.000004 0.000001 -0.000002 0.000000 -0.000001 0.000000 -0.000000 0.000000 -0.000000 0.000000 -0.000000 -0.000000 -0.000000 -0.000000 -0.000000 -0.000000 -0.000000 -0.000000 -0.000000 -0.000000 -0.000000 -0.000000 -0.000000 -0.000000 -0.000000 -0.000000 -0.000000 -0.000000 -0.000000 -0.000000 
0.024212 -0.000844 0.001903 -0.000311 0.000360 -0.000104 0.000097 -0.000034 0.000031 -0.000011 0.000011 -0.000004 0.000004 -0.000001 0.000002 -0.000000 0.000001 -0.000000 0.000000 -0.000000 0.000000 -0.000000 0.000000 0.000000 0.000000 0.000000 0.000000 0.000000 0.000000 0.000000 0.000000 0.000000 0.000000 0.000000 0.000000 0.000000 0.000000 0.000000 0.000000 0.000000 0.000000 0.000000 
-0.001785 -0.001272 0.000283 -0.000268 0.000111 -0.000075 0.000037 -0.000024 0.000012 -0.000008 0.000004 -0.000003 0.000002 -0.000001 0.000001 -0.000000 0.000000 -0.000000 0.000000 -0.000000 0.000000 -0.000000 0.000000 -0.000000 0.000000 -0.000000 0.000000 -0.000000 0.000000 -0.000000 0.000000 -0.000000 0.000000 -0.000000 0.000000 -0.000000 -0.000000 -0.000000 -0.000000 -0.000000 -0.000000 
0.007434 -0.000224 0.000540 -0.000089 0.000098 -0.000033 0.000026 -0.000012 0.000008 -0.000004 0.000003 -0.000001 0.000001 -0.000001 0.000000 -0.000000 0.000000 -0.000000 0.000000 -0.000000 0.000000 -0.000000 0.000000 -0.000000 0.000000 -0.000000 0.000000 -0.000000 0.000000 -0.000000 0.000000 -0.000000 0.000000 -0.000000 0.000000 -0.000000 0.000000 0.000000 0.000000 0.000000 
-0.000925 -0.000387 0.000066 -0.000082 0.000034 -0.000023 0.000012 -0.000008 0.000004 -0.000003 0.000001 -0.000001 0.000001 -0.000000 0.000000 -0.000000 0.000000 -0.000000 0.000000 -0.000000 0.000000 -0.000000 0.000000 -0.000000 0.000000 -0.000000 0.000000 -0.000000 0.000000 -0.000000 0.000000 -0.000000 0.000000 -0.000000 0.000000 -0.000000 0.000000 -0.000000 0.000000 
0.002615 -0.000062 0.000180 -0.000027 0.000032 -0.000011 0.000008 -0.000004 0.000003 -0.000001 0.000001 -0.000001 0.000000 -0.000000 0.000000 -0.000000 0.000000 -0.000000 0.000000 -0.000000 0.000000 -0.000000 0.000000 -0.000000 0.000000 -0.000000 0.000000 -0.000000 0.000000 -0.000000 0.000000 -0.000000 0.000000 -0.000000 0.000000 -0.000000 0.000000 -0.000000 
-0.000459 -0.000130 0.000014 -0.000028 0.000011 -0.000008 0.000004 -0.000003 0.000001 -0.000001 0.000001 -0.000000 0.000000 -0.000000 0.000000 -0.000000 0.000000 -0.000000 0.000000 -0.000000 0.000000 -0.000000 0.000000 -0.000000 0.000000 -0.000000 0.000000 -0.000000 0.000000 -0.000000 0.000000 -0.000000 0.000000 -0.000000 0.000000 -0.000000 0.000000 
0.000995 -0.000017 0.000066 -0.000009 0.000011 -0.000004 0.000003 -0.000001 0.000001 -0.000001 0.000000 -0.000000 0.000000 -0.000000 0.000000 -0.000000 0.000000 -0.000000 0.000000 -0.000000 0.000000 -0.000000 0.000000 -0.000000 0.000000 -0.000000 0.000000 -0.000000 0.000000 -0.000000 0.000000 -0.000000 0.000000 -0.000000 0.000000 -0.000000 
-0.000224 -0.000047 0.000002 -0.000010 0.000004 -0.000003 0.000001 -0.000001 0.000001 -0.000000 0.000000 -0.000000 0.000000 -0.000000 0.000000 -0.000000 0.000000 -0.000000 0.000000 -0.000000 0.000000 -0.000000 0.000000 -0.000000 0.000000 -0.000000 0.000000 -0.000000 0.000000 -0.000000 0.000000 -0.000000 0.000000 -0.000000 0.000000 
0.000398 -0.000004 0.000025 -0.000003 0.000004 -0.000001 0.000001 -0.000001 0.000000 -0.000000 0.000000 -0.000000 0.000000 -0.000000 0.000000 -0.000000 0.000000 -0.000000 0.000000 -0.000000 0.000000 -0.000000 0.000000 -0.000000 0.000000 -0.000000 0.000000 -0.000000 0.000000 -0.000000 0.000000 -0.000000 0.000000 -0.000000 
-0.000109 -0.000018 -0.000001 -0.000004 0.000001 -0.000001 0.000001 -0.000000 0.000000 -0.000000 0.000000 -0.000000 0.000000 -0.000000 0.000000 -0.000000 0.000000 -0.000000 0.000000 -0.000000 0.000000 -0.000000 0.000000 -0.000000 0.000000 -0.000000 0.000000 -0.000000 0.000000 -0.000000 0.000000 -0.000000 0.000000 
0.000165 -0.000001 0.000010 -0.000001 0.000002 -0.000001 0.000000 -0.000000 0.000000 -0.000000 0.000000 -0.000000 0.000000 -0.000000 0.000000 -0.000000 0.000000 -0.000000 0.000000 -0.000000 0.000000 -0.000000 0.000000 -0.000000 0.000000 -0.000000 0.000000 -0.000000 0.000000 -0.000000 0.000000 -0.000000 
-0.000053 -0.000007 -0.000001 -0.000001 0.000000 -0.000000 0.000000 -0.000000 0.000000 -0.000000 0.000000 -0.000000 0.000000 -0.000000 0.000000 -0.000000 0.000000 -0.000000 0.000000 -0.000000 0.000000 -0.000000 0.000000 -0.000000 0.000000 -0.000000 0.000000 -0.000000 0.000000 -0.000000 0.000000 
0.000070 -0.000000 0.000004 -0.000000 0.000001 -0.000000 0.000000 -0.000000 0.000000 -0.000000 0.000000 -0.000000 0.000000 -0.000000 0.000000 -0.000000 0.000000 -0.000000 0.000000 -0.000000 0.000000 -0.000000 0.000000 -0.000000 0.000000 -0.000000 0.000000 -0.000000 0.000000 -0.000000 
-0.000026 -0.000003 -0.000001 -0.000001 0.000000 -0.000000 0.000000 -0.000000 0.000000 -0.000000 0.000000 -0.000000 0.000000 -0.000000 0.000000 -0.000000 0.000000 -0.000000 0.000000 -0.000000 0.000000 -0.000000 0.000000 -0.000000 0.000000 -0.000000 0.000000 -0.000000 0.000000 
0.000031 0.000000 0.000002 -0.000000 0.000000 -0.000000 0.000000 -0.000000 0.000000 -0.000000 0.000000 -0.000000 0.000000 -0.000000 0.000000 -0.000000 0.000000 -0.000000 0.000000 -0.000000 0.000000 -0.000000 0.000000 -0.000000 0.000000 -0.000000 0.000000 -0.000000 
-0.000012 -0.000001 -0.000000 -0.000000 0.000000 -0.000000 0.000000 -0.000000 0.000000 -0.000000 0.000000 -0.000000 0.000000 -0.000000 0.000000 -0.000000 0.000000 -0.000000 0.000000 -0.000000 0.000000 -0.000000 0.000000 -0.000000 0.000000 -0.000000 0.000000 
0.000014 0.000000 0.000001 -0.000000 0.000000 -0.000000 0.000000 -0.000000 0.000000 -0.000000 0.000000 -0.000000 0.000000 -0.000000 0.000000 -0.000000 0.000000 -0.000000 0.000000 -0.000000 0.000000 -0.000000 0.000000 -0.000000 0.000000 -0.000000 
-0.000006 -0.000001 -0.000000 -0.000000 0.000000 -0.000000 0.000000 -0.000000 0.000000 -0.000000 0.000000 -0.000000 0.000000 -0.000000 0.000000 -0.000000 0.000000 -0.000000 0.000000 -0.000000 0.000000 -0.000000 0.000000 -0.000000 0.000000 
0.000006 0.000000 0.000000 -0.000000 0.000000 -0.000000 0.000000 -0.000000 0.000000 -0.000000 0.000000 -0.000000 0.000000 -0.000000 0.000000 -0.000000 0.000000 -0.000000 0.000000 -0.000000 0.000000 -0.000000 0.000000 -0.000000 
-0.000003 -0.000000 -0.000000 -0.000000 0.000000 -0.000000 0.000000 -0.000000 0.000000 -0.000000 0.000000 -0.000000 0.000000 -0.000000 0.000000 -0.000000 0.000000 -0.000000 0.000000 -0.000000 0.000000 -0.000000 0.000000 
0.000003 0.000000 0.000000 -0.000000 0.000000 -0.000000 0.000000 -0.000000 0.000000 -0.000000 0.000000 -0.000000 0.000000 -0.000000 0.000000 -0.000000 0.000000 -0.000000 0.000000 -0.000000 0.000000 -0.000000 
-0.000001 -0.000000 -0.000000 -0.000000 0.000000 -0.000000 0.000000 -0.000000 0.000000 -0.000000 0.000000 -0.000000 0.000000 -0.000000 0.000000 -0.000000 0.000000 -0.000000 0.000000 -0.000000 0.000000 
0.000001 0.000000 0.000000 0.000000 0.000000 -0.000000 0.000000 -0.000000 0.000000 -0.000000 0.000000 -0.000000 0.000000 -0.000000 0.000000 -0.000000 0.000000 -0.000000 0.000000 -0.000000 
-0.000001 -0.000000 -0.000000 -0.000000 -0.000000 -0.000000 0.000000 -0.000000 0.000000 -0.000000 0.000000 -0.000000 0.000000 -0.000000 0.000000 -0.000000 0.000000 -0.000000 0.000000 
0.000001 0.000000 0.000000 0.000000 0.000000 -0.000000 0.000000 -0.000000 0.000000 -0.000000 0.000000 -0.000000 0.000000 -0.000000 0.000000 -0.000000 0.000000 -0.000000 
-0.000000 -0.000000 -0.000000 -0.000000 -0.000000 -0.000000 0.000000 -0.000000 0.000000 -0.000000 0.000000 -0.000000 0.000000 -0.000000 0.000000 -0.000000 0.000000 
0.000000 0.000000 0.000000 0.000000 0.000000 -0.000000 0.000000 -0.000000 0.000000 -0.000000 0.000000 -0.000000 0.000000 -0.000000 0.000000 -0.000000 
-0.000000 -0.000000 -0.000000 -0.000000 -0.000000 -0.000000 0.000000 -0.000000 0.000000 -0.000000 0.000000 -0.000000 0.000000 -0.000000 0.000000 
0.000000 0.000000 0.000000 0.000000 0.000000 -0.000000 0.000000 -0.000000 0.000000 -0.000000 0.000000 -0.000000 0.000000 -0.000000 
-0.000000 -0.000000 -0.000000 -0.000000 -0.000000 -0.000000 0.000000 -0.000000 0.000000 -0.000000 0.000000 -0.000000 0.000000 
0.000000 0.000000 0.000000 0.000000 0.000000 -0.000000 0.000000 -0.000000 0.000000 -0.000000 0.000000 -0.000000 
-0.000000 -0.000000 -0.000000 -0.000000 -0.000000 -0.000000 0.000000 -0.000000 0.000000 -0.000000 0.000000 
0.000000 0.000000 0.000000 0.000000 0.000000 -0.000000 0.000000 -0.000000 0.000000 -0.000000 
-0.000000 -0.000000 -0.000000 -0.000000 -0.000000 -0.000000 0.000000 -0.000000 0.000000 
0.000000 0.000000 0.000000 0.000000 0.000000 -0.000000 0.000000 -0.000000 
-0.000000 -0.000000 -0.000000 -0.000000 -0.000000 -0.000000 0.000000 
0.000000 0.000000 0.000000 0.000000 0.000000 -0.000000 
-0.000000 -0.000000 -0.000000 -0.000000 -0.000000 
0.000000 0.000000 0.000000 0.000000 
-0.000000 -0.000000 -0.000000 
0.000000 0.000000 
-0.000000 
Moments de Legendre : 
0.250000 0.000000 -0.425690 0.008050 0.191231 0.000494 0.029014 -0.065100 -0.073425 0.122019 0.061282 -0.065433 -0.076168 -0.056824 0.060449 0.088705 0.001972 -0.013389 -0.038640 -0.038243 0.028459 0.024343 -0.019336 -0.029426 0.021051 0.064670 -0.008106 -0.043891 -0.005565 -0.029990 -0.004631 0.054638 0.016084 -0.016737 -0.002465 0.006884 -0.019362 -0.038340 0.030619 0.025495 -0.035666 0.041935 0.027422 -0.062269 0.000519 -0.008126 
-0.000000 -0.047685 0.034559 0.108606 -0.106018 -0.085422 0.136636 0.010676 -0.085012 0.029758 0.004461 -0.010964 0.028389 -0.021358 -0.011047 0.026003 -0.003162 -0.010119 -0.002247 0.003487 -0.004700 -0.014822 0.029444 0.023757 -0.033881 -0.013111 0.005694 -0.004164 0.019485 0.006767 -0.024016 -0.003170 0.036894 0.015995 -0.072018 -0.033384 0.090898 0.019854 -0.057765 0.021195 -0.005982 -0.044830 0.048794 0.032511 -0.045607 
-0.430308 -0.017827 0.707120 0.007653 -0.264175 0.020952 -0.108629 0.067362 0.141250 -0.207748 -0.092411 0.165773 0.114691 0.032953 -0.089256 -0.106698 0.000038 0.000364 0.019969 0.056681 0.025862 -0.003109 -0.026652 0.018997 -0.000123 -0.122483 -0.021658 0.124164 0.042700 -0.008858 0.002067 -0.038655 -0.044892 -0.003248 0.020128 -0.020357 0.010373 0.100677 0.011079 -0.068754 -0.044911 -0.063116 0.059112 0.085757 
-0.012684 0.104319 -0.048654 -0.237785 0.214945 0.186337 -0.313834 -0.017062 0.235370 -0.083091 -0.073818 0.048879 -0.004050 0.030037 -0.019343 -0.049708 0.032485 0.000880 -0.000554 0.042734 0.000240 -0.022964 -0.050358 -0.023147 0.069844 0.017596 -0.030754 0.030826 0.000414 -0.038231 0.001047 -0.003413 -0.037819 0.005959 0.117071 0.049693 -0.147545 -0.063876 0.078801 -0.011474 0.029326 0.088745 -0.098165 
0.205975 0.055296 -0.285055 -0.064241 -0.005571 -0.062912 0.162871 0.107242 -0.085539 0.026435 0.015458 -0.133677 -0.031362 0.096873 0.021848 -0.049407 -0.009544 0.051697 0.088659 0.003320 -0.174565 -0.092084 0.145921 0.050712 -0.079319 0.096631 0.082427 -0.155546 -0.087798 0.103579 0.026700 -0.079240 0.012349 0.079594 0.022304 0.000573 -0.019590 -0.099486 -0.085411 0.073747 0.191034 0.022302 
0.031101 -0.066294 -0.017422 0.151492 -0.112789 -0.117461 0.248723 -0.003760 -0.275775 0.099403 0.203829 -0.102645 -0.138759 0.039401 0.116014 -0.005539 -0.075542 0.069441 0.009679 -0.160569 0.010195 0.141758 0.026781 -0.029436 -0.055630 -0.009057 0.067607 -0.062302 -0.102485 0.072834 0.123961 0.047573 -0.070787 -0.118074 -0.000460 0.010127 -0.003221 0.123872 0.043393 -0.095359 -0.037489 
-0.001387 -0.072352 -0.054952 0.102029 0.132827 0.074138 -0.093090 -0.264267 -0.013918 0.253943 0.046399 -0.090713 -0.019081 -0.062915 0.015450 0.124257 0.006081 -0.068567 -0.100525 -0.068735 0.180683 0.143917 -0.161340 -0.059734 0.105439 -0.064379 -0.084993 0.071170 0.069855 -0.020844 -0.055680 0.054085 0.103209 -0.125913 -0.175115 0.107890 0.144114 -0.029932 -0.012786 0.001612 
-0.017088 -0.031320 0.054757 0.070447 -0.060824 -0.054428 -0.018411 0.022414 0.148113 -0.050554 -0.234017 0.120205 0.232486 -0.141034 -0.160689 0.121749 0.063246 -0.162296 -0.005844 0.233905 0.018908 -0.180678 -0.045190 0.017612 0.037169 0.036120 -0.053829 0.061984 0.135929 -0.067268 -0.186907 -0.117401 0.140362 0.221785 -0.105543 -0.043522 0.153900 -0.201142 -0.145429 
-0.016988 0.044017 0.033264 -0.075567 -0.013432 -0.033403 -0.030427 0.240469 0.063517 -0.376444 -0.064330 0.310933 0.049939 -0.093072 -0.039400 -0.073970 0.029402 0.044634 -0.016705 0.088523 0.000310 -0.116389 0.031296 0.015085 -0.065152 0.023339 0.053212 0.093962 -0.003952 -0.194572 0.018082 0.096023 -0.136348 0.128434 0.235645 -0.268573 -0.202356 0.242144 
-0.019965 0.090643 -0.009676 -0.202778 0.107909 0.145958 -0.133433 0.001440 0.032366 -0.042352 0.106486 -0.058473 -0.160845 0.159831 0.094851 -0.188093 0.002673 0.199540 -0.004468 -0.185054 -0.085757 0.062277 0.116335 0.085707 -0.019683 -0.057365 -0.063032 -0.096324 0.016447 0.081167 0.058643 0.139391 -0.060091 -0.222169 0.078655 -0.005784 -0.164714 
-0.014409 0.007367 0.053281 0.007730 -0.071745 -0.028822 0.032076 -0.054129 -0.006798 0.214306 0.069681 -0.250238 -0.140113 0.091266 0.115149 0.064756 -0.065716 -0.046883 0.110981 -0.046274 -0.183510 0.045484 0.129891 0.010933 0.013253 0.031672 -0.059013 -0.175365 -0.034286 0.250326 0.106723 -0.132161 -0.052228 -0.118501 -0.040112 0.320309 
0.024602 -0.075907 -0.023387 0.160070 -0.044683 -0.086796 0.101266 -0.065172 -0.087135 0.120123 0.016739 -0.043840 0.032581 -0.059148 -0.007956 0.124938 -0.031465 -0.150117 -0.020598 0.084790 0.132596 0.082155 -0.132666 -0.168115 -0.033372 -0.001297 0.192116 0.246088 -0.200779 -0.214644 0.134179 -0.062251 -0.080378 0.176503 -0.021402 
-0.013514 -0.040223 0.002277 0.039838 -0.001854 0.069870 0.086991 -0.120365 -0.111674 0.044459 -0.051170 -0.007504 0.218185 0.087391 -0.170850 -0.138944 0.041050 0.082314 -0.083490 -0.029369 0.231137 0.038719 -0.219794 -0.018498 0.035990 -0.064859 0.069734 0.118531 0.041439 -0.092330 -0.236089 0.021835 0.304776 0.072363 
0.002695 0.030493 0.004951 -0.043049 -0.024295 -0.034091 0.027598 0.122995 -0.007470 -0.134475 -0.019239 0.094237 0.040190 -0.054713 -0.044669 -0.003715 0.004371 0.068081 0.082137 -0.020955 -0.134384 -0.149957 0.068685 0.199164 0.066749 0.064218 -0.147301 -0.399516 0.159385 0.388220 -0.177772 -0.041839 0.161694 
0.021474 0.041284 -0.025125 -0.043923 0.044078 -0.066036 -0.149829 0.136855 0.175669 -0.107916 0.002659 0.103342 -0.171161 -0.147998 0.105747 0.127859 0.034035 -0.059292 0.017144 0.064249 -0.184131 -0.097893 0.209593 0.025785 -0.072881 0.091798 -0.018951 -0.099549 -0.070261 0.028094 0.269013 -0.005576 
-0.002758 -0.000453 -0.020974 -0.030867 0.080728 0.098039 -0.120121 -0.125116 0.092468 0.089740 -0.001021 -0.065310 -0.095177 0.071046 0.108624 -0.031329 -0.009029 -0.039461 -0.106390 -0.008853 0.107050 0.190659 -0.016826 -0.245756 -0.004828 -0.018254 -0.078931 0.368191 0.095228 -0.388989 0.050772 
0.051554 -0.028638 -0.106219 0.034097 0.044000 0.019107 0.090682 -0.020260 -0.125439 -0.038720 0.004979 0.045504 0.075470 -0.011299 -0.000020 0.033092 -0.061375 -0.053684 -0.027905 -0.029576 0.134868 0.107084 -0.120664 -0.018314 0.057452 -0.154314 -0.050771 0.229770 0.103206 -0.201246 
-0.025741 -0.006490 0.073715 0.032171 -0.105549 -0.060211 0.099063 0.053726 -0.043824 -0.030909 -0.048933 0.035873 0.140634 -0.033759 -0.155205 -0.030409 0.057946 0.076827 0.052008 0.029888 -0.050307 -0.225535 -0.004807 0.261494 -0.060370 -0.046420 0.230810 -0.189715 -0.272750 
-0.113687 0.016800 0.204282 -0.032215 -0.091880 0.040215 -0.040231 -0.086758 0.029675 0.136509 0.073306 -0.127151 -0.083505 0.114884 0.000017 -0.155052 0.000876 0.139400 0.092155 0.009957 -0.106651 -0.127746 0.026032 0.035177 -0.006739 0.177451 0.062769 -0.307625 
0.018167 -0.003957 -0.040772 0.019531 0.023108 -0.048036 0.034607 0.059399 -0.081994 -0.008350 0.084139 -0.071023 -0.073103 0.062801 0.069577 0.047814 -0.044419 -0.093236 0.010177 -0.035421 -0.028324 0.180219 0.070583 -0.135720 -0.019179 -0.025053 -0.129225 
0.084045 -0.004213 -0.117177 0.025469 -0.016355 -0.069752 0.090312 0.096342 0.014359 -0.045949 -0.161958 -0.035838 0.163978 0.014525 -0.066693 0.101775 0.044417 -0.111929 -0.087441 -0.060733 0.055986 0.198655 0.025615 -0.109731 -0.022189 -0.084216 
0.025663 0.027918 -0.070617 -0.092716 0.127656 0.152484 -0.190022 -0.146510 0.169162 0.033839 -0.033798 0.112094 -0.097402 -0.141612 0.108122 0.036921 -0.038019 0.033192 -0.024024 0.023148 0.085579 -0.055659 -0.165292 -0.059505 0.179268 
-0.026753 -0.005749 -0.014211 -0.010554 0.144876 0.057501 -0.159211 -0.046391 -0.009135 -0.075747 0.182127 0.190709 -0.180218 -0.138489 0.056948 -0.025988 0.022692 0.072375 -0.033460 0.066730 0.060750 -0.181430 -0.100776 0.103924 
-0.024661 -0.045639 0.075315 0.128699 -0.153405 -0.174175 0.238059 0.153970 -0.205902 -0.061865 0.011427 -0.063646 0.176616 0.129336 -0.172828 -0.089137 0.030410 0.020701 0.073352 0.000742 -0.116757 -0.035079 0.186780 
0.026705 0.001859 0.018241 0.009322 -0.150107 -0.027584 0.157014 0.001996 0.008694 0.064416 -0.162461 -0.082511 0.141467 -0.000236 0.004919 0.108022 -0.123957 -0.128294 0.162266 0.062380 -0.185720 -0.029230 
-0.035080 0.028311 0.076180 -0.070934 -0.019628 0.084508 -0.141761 -0.085347 0.243479 0.080614 -0.124760 -0.044515 -0.079848 -0.010702 0.088293 0.023543 0.101360 0.012987 -0.216241 -0.033293 0.158543 
-0.051469 0.008266 0.041310 -0.015967 0.086471 -0.005244 -0.125675 0.035936 0.009684 0.002285 0.132540 -0.131628 -0.153985 0.243079 0.039599 -0.237930 0.098445 0.170126 -0.150229 -0.149400 
0.058462 0.018397 -0.174794 -0.052387 0.194511 0.059677 0.006569 -0.012019 -0.269716 -0.064225 0.265669 0.089915 -0.015860 -0.038730 -0.082667 -0.002422 -0.120846 -0.026531 0.283355 
0.028312 0.000417 -0.026136 -0.011337 -0.054560 0.050101 0.124603 -0.081836 -0.099791 0.009759 -0.042707 0.166104 0.201685 -0.271608 -0.208565 0.188703 0.067941 -0.038739 
0.002310 -0.045010 0.071615 0.125194 -0.163342 -0.154256 0.038707 0.094342 0.228433 0.014524 -0.257475 -0.044802 -0.048553 -0.071822 0.271711 0.186802 -0.114961 
0.024966 -0.024728 -0.035480 0.064938 0.031202 -0.092274 -0.106373 0.102457 0.192822 -0.051524 -0.090982 -0.055333 -0.189704 0.089133 0.338085 0.025374 
-0.064478 0.017480 0.095006 -0.069928 -0.020357 0.137057 0.024838 -0.142788 -0.134381 0.045138 0.112422 0.003198 0.173854 0.177179 -0.426127 
-0.033758 0.019583 0.027089 -0.054977 0.032934 0.080143 0.018625 -0.079515 -0.151098 0.035205 0.120603 0.000992 0.133196 0.068137 
0.047507 0.029609 -0.128283 -0.045236 0.153953 -0.042699 -0.118257 0.149414 0.076962 -0.106416 -0.001334 -0.002017 -0.180678 
-0.012660 0.040011 0.048614 -0.070387 -0.081772 0.003742 0.060335 0.071219 0.001795 -0.051714 0.004429 0.027669 
0.011365 -0.028329 0.044735 0.075163 -0.152703 -0.038113 0.165949 -0.099595 -0.105639 0.151585 0.028080 
0.045332 -0.105372 -0.074767 0.213215 0.033716 -0.095887 -0.016343 -0.114174 0.056480 0.192119 
-0.037206 -0.034547 0.019130 0.021732 0.089256 0.063135 -0.155385 -0.025458 0.171275 
-0.011597 0.102152 -0.009500 -0.217433 0.080251 0.115848 -0.107634 0.124329 
0.027933 0.093371 -0.021981 -0.121065 -0.051529 -0.085610 0.124495 
-0.056925 -0.026531 0.128875 0.065930 -0.146501 -0.054909 
-0.022541 -0.083245 0.014182 0.089127 0.050815 
0.085253 -0.044115 -0.165948 0.086867 
0.025494 0.023830 -0.027767 
-0.048241 0.045004 
-0.017181 
