40 
E_bd 
Moments geometrique centres, normes : 
0.500000 0.000000 0.037066 0.005391 0.006090 0.002020 0.001445 0.000672 0.000418 0.000224 0.000134 0.000077 0.000046 0.000027 0.000016 0.000010 0.000006 0.000003 0.000002 0.000001 0.000001 0.000000 0.000000 0.000000 0.000000 0.000000 0.000000 0.000000 0.000000 0.000000 0.000000 0.000000 0.000000 0.000000 0.000000 0.000000 0.000000 0.000000 0.000000 0.000000 
-0.000000 -0.015573 -0.003987 -0.003322 -0.001428 -0.000916 -0.000472 -0.000283 -0.000158 -0.000093 -0.000054 -0.000032 -0.000019 -0.000011 -0.000007 -0.000004 -0.000002 -0.000001 -0.000001 -0.000001 -0.000000 -0.000000 -0.000000 -0.000000 -0.000000 -0.000000 -0.000000 -0.000000 -0.000000 -0.000000 -0.000000 -0.000000 -0.000000 -0.000000 -0.000000 -0.000000 -0.000000 -0.000000 -0.000000 
0.053154 0.004314 0.004768 0.001388 0.000945 0.000414 0.000249 0.000129 0.000075 0.000042 0.000024 0.000014 0.000008 0.000005 0.000003 0.000002 0.000001 0.000001 0.000000 0.000000 0.000000 0.000000 0.000000 0.000000 0.000000 0.000000 0.000000 0.000000 0.000000 0.000000 0.000000 0.000000 0.000000 0.000000 0.000000 0.000000 0.000000 0.000000 
-0.001399 -0.003482 -0.000923 -0.000684 -0.000298 -0.000182 -0.000094 -0.000055 -0.000031 -0.000018 -0.000010 -0.000006 -0.000004 -0.000002 -0.000001 -0.000001 -0.000000 -0.000000 -0.000000 -0.000000 -0.000000 -0.000000 -0.000000 -0.000000 -0.000000 -0.000000 -0.000000 -0.000000 -0.000000 -0.000000 -0.000000 -0.000000 -0.000000 -0.000000 -0.000000 -0.000000 -0.000000 
0.008730 0.000917 0.000853 0.000281 0.000178 0.000082 0.000048 0.000025 0.000015 0.000008 0.000005 0.000003 0.000002 0.000001 0.000001 0.000000 0.000000 0.000000 0.000000 0.000000 0.000000 0.000000 0.000000 0.000000 0.000000 0.000000 0.000000 0.000000 0.000000 0.000000 0.000000 0.000000 0.000000 0.000000 0.000000 0.000000 
-0.000293 -0.000773 -0.000204 -0.000146 -0.000063 -0.000038 -0.000020 -0.000011 -0.000006 -0.000004 -0.000002 -0.000001 -0.000001 -0.000000 -0.000000 -0.000000 -0.000000 -0.000000 -0.000000 -0.000000 -0.000000 -0.000000 -0.000000 -0.000000 -0.000000 -0.000000 -0.000000 -0.000000 -0.000000 -0.000000 -0.000000 -0.000000 -0.000000 -0.000000 -0.000000 
0.001641 0.000188 0.000170 0.000059 0.000036 0.000017 0.000010 0.000005 0.000003 0.000002 0.000001 0.000001 0.000000 0.000000 0.000000 0.000000 0.000000 0.000000 0.000000 0.000000 0.000000 0.000000 0.000000 0.000000 0.000000 0.000000 0.000000 0.000000 0.000000 0.000000 0.000000 0.000000 0.000000 0.000000 
-0.000056 -0.000174 -0.000046 -0.000032 -0.000014 -0.000008 -0.000004 -0.000002 -0.000001 -0.000001 -0.000000 -0.000000 -0.000000 -0.000000 -0.000000 -0.000000 -0.000000 -0.000000 -0.000000 -0.000000 -0.000000 -0.000000 -0.000000 -0.000000 -0.000000 -0.000000 -0.000000 -0.000000 -0.000000 -0.000000 -0.000000 -0.000000 -0.000000 
0.000336 0.000040 0.000036 0.000013 0.000008 0.000004 0.000002 0.000001 0.000001 0.000000 0.000000 0.000000 0.000000 0.000000 0.000000 0.000000 0.000000 0.000000 0.000000 0.000000 0.000000 0.000000 0.000000 0.000000 0.000000 0.000000 0.000000 0.000000 0.000000 0.000000 0.000000 0.000000 
-0.000010 -0.000040 -0.000011 -0.000007 -0.000003 -0.000002 -0.000001 -0.000001 -0.000000 -0.000000 -0.000000 -0.000000 -0.000000 -0.000000 -0.000000 -0.000000 -0.000000 -0.000000 -0.000000 -0.000000 -0.000000 -0.000000 -0.000000 -0.000000 -0.000000 -0.000000 -0.000000 -0.000000 -0.000000 -0.000000 -0.000000 
0.000073 0.000009 0.000008 0.000003 0.000002 0.000001 0.000000 0.000000 0.000000 0.000000 0.000000 0.000000 0.000000 0.000000 0.000000 0.000000 0.000000 0.000000 0.000000 0.000000 0.000000 0.000000 0.000000 0.000000 0.000000 0.000000 0.000000 0.000000 0.000000 0.000000 
-0.000002 -0.000010 -0.000002 -0.000002 -0.000001 -0.000000 -0.000000 -0.000000 -0.000000 -0.000000 -0.000000 -0.000000 -0.000000 -0.000000 -0.000000 -0.000000 -0.000000 -0.000000 -0.000000 -0.000000 -0.000000 -0.000000 -0.000000 -0.000000 -0.000000 -0.000000 -0.000000 -0.000000 -0.000000 
0.000017 0.000002 0.000002 0.000001 0.000000 0.000000 0.000000 0.000000 0.000000 0.000000 0.000000 0.000000 0.000000 0.000000 0.000000 0.000000 0.000000 0.000000 0.000000 0.000000 0.000000 0.000000 0.000000 0.000000 0.000000 0.000000 0.000000 0.000000 
-0.000000 -0.000002 -0.000001 -0.000000 -0.000000 -0.000000 -0.000000 -0.000000 -0.000000 -0.000000 -0.000000 -0.000000 -0.000000 -0.000000 -0.000000 -0.000000 -0.000000 -0.000000 -0.000000 -0.000000 -0.000000 -0.000000 -0.000000 -0.000000 -0.000000 -0.000000 -0.000000 
0.000004 0.000000 0.000000 0.000000 0.000000 0.000000 0.000000 0.000000 0.000000 0.000000 0.000000 0.000000 0.000000 0.000000 0.000000 0.000000 0.000000 0.000000 0.000000 0.000000 0.000000 0.000000 0.000000 0.000000 0.000000 0.000000 
-0.000000 -0.000001 -0.000000 -0.000000 -0.000000 -0.000000 -0.000000 -0.000000 -0.000000 -0.000000 -0.000000 -0.000000 -0.000000 -0.000000 -0.000000 -0.000000 -0.000000 -0.000000 -0.000000 -0.000000 -0.000000 -0.000000 -0.000000 -0.000000 -0.000000 
0.000001 0.000000 0.000000 0.000000 0.000000 0.000000 0.000000 0.000000 0.000000 0.000000 0.000000 0.000000 0.000000 0.000000 0.000000 0.000000 0.000000 0.000000 0.000000 0.000000 0.000000 0.000000 0.000000 0.000000 
0.000000 -0.000000 -0.000000 -0.000000 -0.000000 -0.000000 -0.000000 -0.000000 -0.000000 -0.000000 -0.000000 -0.000000 -0.000000 -0.000000 -0.000000 -0.000000 -0.000000 -0.000000 -0.000000 -0.000000 -0.000000 -0.000000 -0.000000 
0.000000 0.000000 0.000000 0.000000 0.000000 0.000000 0.000000 0.000000 0.000000 0.000000 0.000000 0.000000 0.000000 0.000000 0.000000 0.000000 0.000000 0.000000 0.000000 0.000000 0.000000 0.000000 
0.000000 -0.000000 -0.000000 -0.000000 -0.000000 -0.000000 -0.000000 -0.000000 -0.000000 -0.000000 -0.000000 -0.000000 -0.000000 -0.000000 -0.000000 -0.000000 -0.000000 -0.000000 -0.000000 -0.000000 -0.000000 
0.000000 0.000000 0.000000 0.000000 0.000000 0.000000 0.000000 0.000000 0.000000 0.000000 0.000000 0.000000 0.000000 0.000000 0.000000 0.000000 0.000000 0.000000 0.000000 0.000000 
0.000000 -0.000000 -0.000000 -0.000000 -0.000000 -0.000000 -0.000000 -0.000000 -0.000000 -0.000000 -0.000000 -0.000000 -0.000000 -0.000000 -0.000000 -0.000000 -0.000000 -0.000000 -0.000000 
0.000000 0.000000 0.000000 0.000000 0.000000 0.000000 0.000000 0.000000 0.000000 0.000000 0.000000 0.000000 0.000000 0.000000 0.000000 0.000000 0.000000 0.000000 
0.000000 -0.000000 -0.000000 -0.000000 -0.000000 -0.000000 -0.000000 -0.000000 -0.000000 -0.000000 -0.000000 -0.000000 -0.000000 -0.000000 -0.000000 -0.000000 -0.000000 
0.000000 0.000000 0.000000 0.000000 0.000000 0.000000 0.000000 0.000000 0.000000 0.000000 0.000000 0.000000 0.000000 0.000000 0.000000 0.000000 
0.000000 -0.000000 -0.000000 -0.000000 -0.000000 -0.000000 -0.000000 -0.000000 -0.000000 -0.000000 -0.000000 -0.000000 -0.000000 -0.000000 -0.000000 
0.000000 0.000000 0.000000 0.000000 0.000000 0.000000 0.000000 0.000000 0.000000 0.000000 0.000000 0.000000 0.000000 0.000000 
0.000000 -0.000000 -0.000000 -0.000000 -0.000000 -0.000000 -0.000000 -0.000000 -0.000000 -0.000000 -0.000000 -0.000000 -0.000000 
0.000000 0.000000 0.000000 0.000000 0.000000 0.000000 0.000000 0.000000 0.000000 0.000000 0.000000 0.000000 
0.000000 -0.000000 -0.000000 -0.000000 -0.000000 -0.000000 -0.000000 -0.000000 -0.000000 -0.000000 -0.000000 
0.000000 0.000000 0.000000 0.000000 0.000000 0.000000 0.000000 0.000000 0.000000 0.000000 
0.000000 -0.000000 -0.000000 -0.000000 -0.000000 -0.000000 -0.000000 -0.000000 -0.000000 
0.000000 0.000000 0.000000 0.000000 0.000000 0.000000 0.000000 0.000000 
0.000000 -0.000000 -0.000000 -0.000000 -0.000000 -0.000000 -0.000000 
0.000000 0.000000 0.000000 0.000000 0.000000 0.000000 
0.000000 -0.000000 -0.000000 -0.000000 -0.000000 
0.000000 0.000000 0.000000 0.000000 
0.000000 -0.000000 -0.000000 
0.000000 0.000000 
0.000000 
Moments de Legendre : 
0.125000 0.000000 -0.312500 -0.000000 0.300254 -0.038917 -0.160366 0.115754 0.009949 -0.158998 0.077519 0.108423 -0.108046 0.005667 0.106038 -0.095092 -0.067713 0.109998 -0.006799 -0.071636 0.074221 0.019053 -0.081592 0.035200 0.030211 -0.084563 0.025721 0.101525 -0.044753 -0.065381 0.035030 0.003429 -0.021248 0.028665 0.006165 -0.009511 0.015238 -0.028803 -0.026451 0.047263 
0.000000 0.000000 0.000000 0.000000 0.000000 0.000000 0.000000 0.000000 0.000000 0.000000 0.000000 0.000000 0.000000 0.000000 0.000000 0.000000 0.000000 0.000000 0.000000 0.000000 0.000000 0.000000 0.000000 0.000000 0.000000 0.000000 0.000000 0.000000 0.000000 0.000000 0.000000 0.000000 0.000000 0.000000 0.000000 0.000000 0.000000 0.000000 0.000000 
-0.312500 0.000000 0.781250 0.000000 -0.750634 0.097293 0.400914 -0.289385 -0.024872 0.397496 -0.193797 -0.271058 0.270116 -0.014167 -0.265095 0.237729 0.169283 -0.274996 0.016997 0.179091 -0.185552 -0.047631 0.203979 -0.087999 -0.075527 0.211407 -0.064301 -0.253813 0.111883 0.163453 -0.087576 -0.008574 0.053121 -0.071664 -0.015413 0.023778 -0.038095 0.072007 
0.000000 0.000000 -0.000000 -0.132478 -0.076312 0.195284 0.147525 -0.109002 -0.083533 -0.008749 -0.084198 0.022745 0.179946 0.038398 -0.108950 -0.050667 -0.028310 -0.009834 0.083147 0.040533 -0.043008 0.021087 0.003093 -0.100623 -0.005706 0.097640 0.000140 -0.024752 0.043313 -0.027055 -0.070202 0.021548 0.029456 -0.002481 0.039346 -0.000738 -0.060893 
0.247463 0.000000 -0.618658 0.082571 0.630072 -0.208739 -0.386216 0.320376 0.054662 -0.322558 0.210602 0.171372 -0.338481 0.060247 0.318051 -0.237259 -0.170516 0.276425 -0.035539 -0.189324 0.188206 0.034416 -0.204635 0.130262 0.102576 -0.245913 0.023166 0.257296 -0.093662 -0.160445 0.096097 0.031319 -0.053091 0.030976 -0.014774 0.004315 
0.010098 0.000000 -0.025245 0.188557 0.139672 -0.265672 -0.230230 0.119166 0.107875 0.062420 0.160302 -0.073604 -0.293017 -0.030930 0.154026 0.055443 0.079920 0.029057 -0.166820 -0.056352 0.092266 -0.063547 -0.013898 0.199737 0.001452 -0.189968 0.021211 0.061730 -0.092143 0.034042 0.120391 -0.039225 -0.034706 0.020992 -0.084902 
-0.009493 0.000000 0.023733 -0.216886 -0.110411 0.354960 0.179313 -0.267436 -0.080137 0.061023 -0.158744 0.082122 0.331352 -0.123617 -0.294294 0.146070 0.118732 -0.174956 0.030326 0.135482 -0.089430 0.006490 0.106468 -0.157605 -0.109961 0.204110 0.068560 -0.150064 0.015683 0.088680 -0.063057 -0.070075 0.012819 0.066137 
-0.037772 0.000000 0.094430 -0.049338 -0.144375 0.033178 0.135942 0.076145 -0.008577 -0.167344 -0.154981 0.146023 0.188140 -0.064253 -0.046810 0.030205 -0.127425 -0.041855 0.180264 0.000557 -0.112290 0.121811 0.027019 -0.222254 0.025855 0.202786 -0.073673 -0.095647 0.115081 0.002362 -0.091012 0.038722 -0.012403 
-0.207660 0.000000 0.519150 0.286300 -0.398663 -0.415629 0.079477 0.197236 0.058686 0.129706 0.076376 -0.246403 -0.233311 0.147527 0.205986 -0.058263 -0.083009 0.072149 0.044002 -0.065274 -0.075419 -0.043038 0.036983 0.138771 0.078286 -0.101871 -0.128397 0.006635 0.061080 -0.006798 -0.005366 0.098445 
0.076092 0.000000 -0.190229 -0.193385 0.121494 0.345685 0.036687 -0.340748 -0.111198 0.248885 0.041153 -0.193558 0.074115 0.185015 -0.122875 -0.136445 0.106009 0.011825 -0.086163 0.116502 0.072076 -0.167899 -0.018874 0.150593 -0.073668 -0.123565 0.130995 0.102129 -0.093465 -0.053709 -0.005524 
0.235820 0.000000 -0.589550 -0.204384 0.521564 0.296370 -0.224881 -0.140443 0.008744 -0.093161 0.005481 0.180488 0.056799 -0.117323 -0.075462 0.052899 0.090135 -0.043844 -0.160853 0.016039 0.214592 0.053883 -0.145179 -0.072192 -0.005181 -0.009226 0.092736 0.083842 -0.081377 -0.035455 
-0.105722 0.000000 0.264305 0.316183 -0.139965 -0.512738 -0.073589 0.406209 0.072681 -0.204450 0.147024 0.159333 -0.291716 -0.215868 0.183290 0.145819 0.020317 0.076247 -0.087273 -0.229315 0.031917 0.173911 -0.031989 -0.039297 0.122017 0.010168 -0.150669 -0.068005 0.037538 
-0.068700 0.000000 0.171749 0.002321 -0.207417 -0.026557 0.172621 0.066806 -0.059472 -0.073994 -0.077226 0.012128 0.136883 0.082664 -0.063053 -0.126300 -0.092261 0.078051 0.212243 0.009151 -0.224931 -0.045267 0.157378 0.002389 -0.080649 0.060886 0.023497 -0.074315 
0.109490 0.000000 -0.273725 -0.182553 0.226358 0.261988 -0.130065 -0.142732 0.184312 0.011134 -0.331621 -0.033337 0.321149 0.104117 -0.074575 -0.024373 -0.188703 -0.174917 0.249548 0.263026 -0.162138 -0.142740 0.117798 -0.020777 -0.146615 0.050695 0.116204 
-0.146455 0.000000 0.366137 0.189486 -0.260756 -0.246363 0.025895 0.058565 0.029995 0.142251 0.132537 -0.107710 -0.258532 -0.093576 0.167392 0.195112 0.024009 -0.101186 -0.109353 -0.026070 0.080239 0.036148 -0.077440 0.018333 0.135746 -0.021012 
-0.087692 0.000000 0.219229 -0.114372 -0.330347 0.236709 0.447971 -0.282651 -0.510264 0.223780 0.433340 -0.121873 -0.203082 0.079390 -0.077661 -0.129550 0.265674 0.196745 -0.306283 -0.188990 0.259689 0.106511 -0.200774 -0.024589 0.138484 
0.244198 0.000000 -0.610495 -0.247269 0.523752 0.362266 -0.221046 -0.200740 0.064766 -0.008912 -0.145492 0.013082 0.244590 0.126792 -0.201147 -0.170970 0.111567 0.061828 -0.108116 0.038116 0.124432 -0.032685 -0.026295 0.017526 
0.059990 0.000000 -0.149975 0.328786 0.374231 -0.573833 -0.633489 0.531082 0.664892 -0.332609 -0.414395 0.209658 0.093309 -0.200995 0.098114 0.181158 -0.172070 -0.099595 0.235271 0.049071 -0.286815 -0.090853 0.243181 
-0.173377 0.000000 0.433441 0.150199 -0.427364 -0.265000 0.269892 0.258163 -0.127442 -0.188149 0.082196 0.136931 -0.103746 -0.100634 0.153953 0.041708 -0.227875 0.017368 0.285060 -0.030607 -0.239663 0.024369 
-0.050047 0.000000 0.125117 -0.284716 -0.331480 0.468508 0.550586 -0.389830 -0.534776 0.223588 0.296394 -0.173157 -0.087555 0.186602 0.040482 -0.101629 -0.020842 -0.048826 -0.108634 0.068688 0.251771 
0.014503 0.000000 -0.036257 0.015319 0.095180 0.035335 -0.134623 -0.156564 0.068966 0.224718 0.054829 -0.141235 -0.082686 -0.024939 -0.053009 0.113841 0.234160 -0.070699 -0.291403 -0.002243 
0.064650 0.000000 -0.161624 0.029157 0.247694 -0.014776 -0.290152 -0.038799 0.232966 0.038018 -0.143201 0.040685 0.133467 -0.082969 -0.180715 0.001116 0.141651 0.110139 0.029643 
0.112833 0.000000 -0.282083 -0.136901 0.226639 0.179572 -0.096250 -0.061276 0.092995 -0.038892 -0.199218 -0.033026 0.211321 0.177397 -0.048966 -0.192138 -0.126290 0.064072 
-0.085981 0.000000 0.214952 0.224183 -0.183217 -0.420199 0.062085 0.431672 0.015806 -0.277562 0.021276 0.096330 -0.115507 0.000196 0.152119 -0.010075 -0.082541 
-0.151179 0.000000 0.377948 0.162053 -0.377189 -0.273514 0.278369 0.253082 -0.235739 -0.200922 0.255110 0.211282 -0.221954 -0.227163 0.105420 0.153684 
0.085732 0.000000 -0.214330 -0.293296 0.145420 0.529863 0.012238 -0.523665 -0.082363 0.345177 0.035885 -0.152951 0.004120 0.000407 0.036269 
0.125933 0.000000 -0.314833 -0.115979 0.360407 0.237466 -0.318409 -0.296473 0.243609 0.280772 -0.176244 -0.213548 0.129676 0.126576 
-0.050177 0.000000 0.125444 0.173050 -0.089316 -0.309463 0.010291 0.309275 0.024515 -0.222001 -0.037184 0.110275 0.104526 
-0.089161 0.000000 0.222902 0.052684 -0.270271 -0.133210 0.233869 0.194269 -0.122236 -0.170408 0.016736 0.066544 
-0.006003 0.000000 0.015008 -0.002563 -0.014788 -0.000105 0.000172 -0.000695 0.014111 0.017069 0.015256 
0.061195 0.000000 -0.152986 -0.001414 0.176960 0.027454 -0.121042 -0.060034 -0.004642 0.042415 
0.050408 0.000000 -0.126019 -0.086858 0.127327 0.168260 -0.081030 -0.184161 0.028009 
-0.028233 0.000000 0.070582 -0.039643 -0.088856 0.047930 0.063359 0.001617 
-0.059159 0.000000 0.147898 0.080828 -0.167222 -0.161600 0.139763 
-0.017858 0.000000 0.044646 0.071265 -0.003673 -0.086503 
0.035171 0.000000 -0.087928 -0.054272 0.096558 
0.054881 0.000000 -0.137203 -0.073002 
-0.002457 0.000000 0.006142 
-0.051245 0.000000 
-0.016751 
