42 
Moments geometrique centres, normes : 
1.000000 -0.000000 0.138679 -0.019734 0.037027 -0.010402 0.013167 -0.005024 0.005503 -0.002486 0.002537 -0.001276 0.001245 -0.000676 0.000638 -0.000368 0.000337 -0.000204 0.000182 -0.000114 0.000100 -0.000065 0.000056 -0.000037 0.000031 -0.000021 0.000018 -0.000012 0.000010 -0.000007 0.000006 -0.000004 0.000003 -0.000002 0.000002 -0.000001 0.000001 -0.000001 0.000001 -0.000000 0.000000 -0.000000 
-0.000000 -0.065624 0.027743 -0.019906 0.012091 -0.008002 0.005431 -0.003659 0.002595 -0.001798 0.001303 -0.000925 0.000679 -0.000490 0.000364 -0.000266 0.000199 -0.000147 0.000110 -0.000082 0.000062 -0.000046 0.000035 -0.000026 0.000020 -0.000015 0.000011 -0.000009 0.000007 -0.000005 0.000004 -0.000003 0.000002 -0.000002 0.000001 -0.000001 0.000001 -0.000001 0.000000 -0.000000 0.000000 
0.145886 -0.007990 0.025160 -0.009227 0.008350 -0.004708 0.003546 -0.002323 0.001688 -0.001176 0.000854 -0.000613 0.000449 -0.000328 0.000242 -0.000179 0.000133 -0.000099 0.000074 -0.000055 0.000042 -0.000031 0.000024 -0.000018 0.000013 -0.000010 0.000008 -0.000006 0.000004 -0.000003 0.000003 -0.000002 0.000001 -0.000001 0.000001 -0.000001 0.000000 -0.000000 0.000000 -0.000000 
-0.005647 -0.024998 0.009220 -0.007796 0.004606 -0.003295 0.002212 -0.001564 0.001101 -0.000788 0.000568 -0.000412 0.000301 -0.000221 0.000163 -0.000121 0.000090 -0.000067 0.000050 -0.000038 0.000028 -0.000021 0.000016 -0.000012 0.000009 -0.000007 0.000005 -0.000004 0.000003 -0.000002 0.000002 -0.000001 0.000001 -0.000001 0.000001 -0.000000 0.000000 -0.000000 0.000000 
0.048816 -0.003878 0.009344 -0.003984 0.003382 -0.002056 0.001519 -0.001032 0.000747 -0.000530 0.000386 -0.000280 0.000205 -0.000151 0.000112 -0.000083 0.000062 -0.000046 0.000034 -0.000026 0.000019 -0.000015 0.000011 -0.000008 0.000006 -0.000005 0.000004 -0.000003 0.000002 -0.000002 0.000001 -0.000001 0.000001 -0.000001 0.000000 -0.000000 0.000000 -0.000000 
-0.004427 -0.010956 0.003696 -0.003418 0.002007 -0.001476 0.000997 -0.000714 0.000506 -0.000365 0.000264 -0.000193 0.000141 -0.000104 0.000077 -0.000057 0.000043 -0.000032 0.000024 -0.000018 0.000013 -0.000010 0.000008 -0.000006 0.000004 -0.000003 0.000003 -0.000002 0.000001 -0.000001 0.000001 -0.000001 0.000000 -0.000000 0.000000 -0.000000 0.000000 
0.020527 -0.001698 0.004067 -0.001824 0.001525 -0.000956 0.000703 -0.000485 0.000352 -0.000252 0.000183 -0.000134 0.000098 -0.000072 0.000054 -0.000040 0.000030 -0.000022 0.000017 -0.000013 0.000009 -0.000007 0.000005 -0.000004 0.000003 -0.000002 0.000002 -0.000001 0.000001 -0.000001 0.000001 -0.000000 0.000000 -0.000000 0.000000 -0.000000 
-0.002955 -0.005214 0.001618 -0.001607 0.000936 -0.000701 0.000475 -0.000343 0.000243 -0.000177 0.000128 -0.000094 0.000069 -0.000051 0.000038 -0.000028 0.000021 -0.000016 0.000012 -0.000009 0.000007 -0.000005 0.000004 -0.000003 0.000002 -0.000002 0.000001 -0.000001 0.000001 -0.000001 0.000000 -0.000000 0.000000 -0.000000 0.000000 
0.009722 -0.000706 0.001925 -0.000870 0.000731 -0.000464 0.000342 -0.000238 0.000172 -0.000124 0.000090 -0.000066 0.000049 -0.000036 0.000027 -0.000020 0.000015 -0.000011 0.000008 -0.000006 0.000005 -0.000004 0.000003 -0.000002 0.000002 -0.000001 0.000001 -0.000001 0.000001 -0.000000 0.000000 -0.000000 0.000000 -0.000000 
-0.001898 -0.002620 0.000745 -0.000791 0.000456 -0.000346 0.000235 -0.000170 0.000121 -0.000088 0.000064 -0.000047 0.000035 -0.000026 0.000019 -0.000014 0.000011 -0.000008 0.000006 -0.000004 0.000003 -0.000003 0.000002 -0.000001 0.000001 -0.000001 0.000001 -0.000000 0.000000 -0.000000 0.000000 -0.000000 0.000000 
0.004956 -0.000272 0.000961 -0.000428 0.000365 -0.000232 0.000172 -0.000120 0.000087 -0.000063 0.000046 -0.000034 0.000025 -0.000018 0.000014 -0.000010 0.000008 -0.000006 0.000004 -0.000003 0.000002 -0.000002 0.000001 -0.000001 0.000001 -0.000001 0.000000 -0.000000 0.000000 -0.000000 0.000000 -0.000000 
-0.001210 -0.001370 0.000353 -0.000403 0.000229 -0.000176 0.000120 -0.000087 0.000062 -0.000045 0.000033 -0.000024 0.000018 -0.000013 0.000010 -0.000007 0.000005 -0.000004 0.000003 -0.000002 0.000002 -0.000001 0.000001 -0.000001 0.000001 -0.000000 0.000000 -0.000000 0.000000 -0.000000 0.000000 
0.002654 -0.000089 0.000499 -0.000215 0.000187 -0.000119 0.000088 -0.000062 0.000045 -0.000032 0.000024 -0.000017 0.000013 -0.000009 0.000007 -0.000005 0.000004 -0.000003 0.000002 -0.000002 0.000001 -0.000001 0.000001 -0.000001 0.000000 -0.000000 0.000000 -0.000000 0.000000 -0.000000 
-0.000771 -0.000739 0.000170 -0.000211 0.000118 -0.000092 0.000062 -0.000045 0.000032 -0.000024 0.000017 -0.000013 0.000009 -0.000007 0.000005 -0.000004 0.000003 -0.000002 0.000002 -0.000001 0.000001 -0.000001 0.000001 -0.000000 0.000000 -0.000000 0.000000 -0.000000 0.000000 
0.001472 -0.000015 0.000266 -0.000110 0.000098 -0.000062 0.000046 -0.000032 0.000024 -0.000017 0.000013 -0.000009 0.000007 -0.000005 0.000004 -0.000003 0.000002 -0.000002 0.000001 -0.000001 0.000001 -0.000000 0.000000 -0.000000 0.000000 -0.000000 0.000000 -0.000000 
-0.000493 -0.000409 0.000082 -0.000112 0.000061 -0.000048 0.000033 -0.000024 0.000017 -0.000013 0.000009 -0.000007 0.000005 -0.000004 0.000003 -0.000002 0.000002 -0.000001 0.000001 -0.000001 0.000000 -0.000000 0.000000 -0.000000 0.000000 -0.000000 0.000000 
0.000838 0.000011 0.000145 -0.000057 0.000053 -0.000033 0.000025 -0.000017 0.000013 -0.000009 0.000007 -0.000005 0.000004 -0.000003 0.000002 -0.000001 0.000001 -0.000001 0.000001 -0.000000 0.000000 -0.000000 0.000000 -0.000000 0.000000 -0.000000 
-0.000316 -0.000231 0.000039 -0.000061 0.000032 -0.000026 0.000018 -0.000013 0.000009 -0.000007 0.000005 -0.000004 0.000003 -0.000002 0.000001 -0.000001 0.000001 -0.000001 0.000000 -0.000000 0.000000 -0.000000 0.000000 -0.000000 0.000000 
0.000487 0.000017 0.000080 -0.000029 0.000028 -0.000018 0.000013 -0.000009 0.000007 -0.000005 0.000004 -0.000003 0.000002 -0.000001 0.000001 -0.000001 0.000001 -0.000000 0.000000 -0.000000 0.000000 -0.000000 0.000000 -0.000000 
-0.000203 -0.000132 0.000019 -0.000033 0.000017 -0.000014 0.000009 -0.000007 0.000005 -0.000004 0.000003 -0.000002 0.000001 -0.000001 0.000001 -0.000001 0.000000 -0.000000 0.000000 -0.000000 0.000000 -0.000000 0.000000 
0.000287 0.000016 0.000045 -0.000015 0.000016 -0.000010 0.000007 -0.000005 0.000004 -0.000003 0.000002 -0.000001 0.000001 -0.000001 0.000001 -0.000000 0.000000 -0.000000 0.000000 -0.000000 0.000000 -0.000000 
-0.000130 -0.000077 0.000009 -0.000019 0.000009 -0.000008 0.000005 -0.000004 0.000003 -0.000002 0.000001 -0.000001 0.000001 -0.000001 0.000000 -0.000000 0.000000 -0.000000 0.000000 -0.000000 0.000000 
0.000172 0.000013 0.000026 -0.000008 0.000009 -0.000005 0.000004 -0.000003 0.000002 -0.000001 0.000001 -0.000001 0.000001 -0.000000 0.000000 -0.000000 0.000000 -0.000000 0.000000 -0.000000 
-0.000084 -0.000045 0.000004 -0.000010 0.000005 -0.000004 0.000003 -0.000002 0.000001 -0.000001 0.000001 -0.000001 0.000000 -0.000000 0.000000 -0.000000 0.000000 -0.000000 0.000000 
0.000104 0.000010 0.000015 -0.000004 0.000005 -0.000003 0.000002 -0.000002 0.000001 -0.000001 0.000001 -0.000000 0.000000 -0.000000 0.000000 -0.000000 0.000000 -0.000000 
-0.000054 -0.000027 0.000001 -0.000006 0.000003 -0.000002 0.000002 -0.000001 0.000001 -0.000001 0.000000 -0.000000 0.000000 -0.000000 0.000000 -0.000000 0.000000 
0.000063 0.000007 0.000009 -0.000002 0.000003 -0.000002 0.000001 -0.000001 0.000001 -0.000000 0.000000 -0.000000 0.000000 -0.000000 0.000000 -0.000000 
-0.000035 -0.000016 0.000000 -0.000003 0.000001 -0.000001 0.000001 -0.000001 0.000000 -0.000000 0.000000 -0.000000 0.000000 -0.000000 0.000000 
0.000039 0.000005 0.000005 -0.000001 0.000001 -0.000001 0.000001 -0.000000 0.000000 -0.000000 0.000000 -0.000000 0.000000 -0.000000 
-0.000022 -0.000010 -0.000000 -0.000002 0.000001 -0.000001 0.000000 -0.000000 0.000000 -0.000000 0.000000 -0.000000 0.000000 
0.000024 0.000003 0.000003 -0.000001 0.000001 -0.000000 0.000000 -0.000000 0.000000 -0.000000 0.000000 -0.000000 
-0.000014 -0.000006 -0.000000 -0.000001 0.000000 -0.000000 0.000000 -0.000000 0.000000 -0.000000 0.000000 
0.000015 0.000002 0.000002 -0.000000 0.000000 -0.000000 0.000000 -0.000000 0.000000 -0.000000 
-0.000009 -0.000004 -0.000000 -0.000001 0.000000 -0.000000 0.000000 -0.000000 0.000000 
0.000009 0.000002 0.000001 -0.000000 0.000000 -0.000000 0.000000 -0.000000 
-0.000006 -0.000002 -0.000000 -0.000000 0.000000 -0.000000 0.000000 
0.000006 0.000001 0.000001 -0.000000 0.000000 -0.000000 
-0.000004 -0.000001 -0.000000 -0.000000 0.000000 
0.000004 0.000001 0.000000 -0.000000 
-0.000002 -0.000001 -0.000000 
0.000002 0.000000 
-0.000002 
Moments de Legendre : 
0.250000 0.000000 -0.625000 0.000000 0.024676 0.366311 -0.410830 0.096176 -0.682841 0.811996 -1.718269 1.819435 -3.184783 3.751112 -8.000629 9.449675 -16.946655 21.754333 -40.409675 52.044962 -92.516350 124.039793 -217.847944 297.094848 -511.066826 711.464048 -1208.163926 1706.742936 -2858.765309 4094.085961 -6784.678166 9822.087799 -16118.553211 23557.151844 -38339.322476 56475.657345 -91249.698235 135323.992458 -217279.505308 324064.564904 -517489.444217 775555.346354 
0.000000 0.000000 0.000000 0.000000 0.000000 0.000000 0.000000 0.000000 0.000000 0.000000 0.000000 0.000000 0.000000 0.000000 0.000000 0.000000 0.000000 0.000000 0.000000 0.000000 0.000000 0.000000 0.000000 0.000000 0.000000 0.000000 0.000000 0.000000 0.000000 0.000000 0.000000 0.000000 0.000000 0.000000 0.000000 0.000000 0.000000 0.000000 0.000000 0.000000 0.000000 
-0.625000 0.000000 1.562500 -0.000000 -0.061689 -0.915778 1.027076 -0.240440 1.707102 -2.029990 4.295673 -4.548588 7.961957 -9.377780 20.001572 -23.624188 42.366637 -54.385833 101.024187 -130.112404 231.290874 -310.099483 544.619860 -742.737119 1277.667064 -1778.660120 3020.409815 -4266.857341 7146.913271 -10235.214901 16961.695416 -24555.219498 40296.383029 -58892.879611 95848.306189 -141189.143362 228124.245588 -338309.981145 543198.763269 -810161.412260 
0.000000 0.000000 -0.000000 -0.558256 0.955848 -0.743055 0.718651 -1.057709 1.867293 -3.422147 5.226143 -6.867133 10.732193 -17.228182 26.074286 -38.533020 59.963695 -92.220525 141.915418 -216.593612 335.372178 -515.511383 797.139945 -1224.850950 1895.861249 -2921.039320 4520.870127 -6968.310080 10787.543668 -16644.832393 25764.500505 -39768.952683 61553.878833 -95046.249783 147083.826367 -227151.281072 351444.463757 -542806.421198 839615.259951 
-0.017888 0.000000 0.044720 -0.275289 0.685958 -2.113708 1.531736 -1.457993 2.687540 -6.219675 7.434451 -13.668292 18.482201 -32.096556 43.741431 -75.116163 104.405333 -176.809205 251.191116 -418.538855 602.151881 -993.570514 1445.733217 -2361.173940 3468.802877 -5622.691510 8324.448821 -13402.640703 19972.261807 -31973.914895 47906.272513 -76316.707818 114862.318732 -182202.950329 275271.090320 -435041.402412 659345.661107 -1038685.233676 
0.104822 0.000000 -0.262054 -1.294476 1.978868 -2.017046 3.071512 -3.898731 4.656394 -9.456474 15.987653 -22.614711 34.123034 -55.295671 83.324416 -126.373494 195.458608 -304.836478 466.520842 -721.390291 1112.801660 -1726.005482 2659.404105 -4118.964025 6357.652961 -9853.072849 15213.863770 -23567.659604 36412.055289 -56405.007791 87164.436181 -134985.331153 208632.975530 -323019.711890 499269.087920 -772779.333908 1194395.394629 
-0.893671 0.000000 2.234177 -0.327451 0.953445 -3.557931 4.123130 -2.915985 6.833303 -10.843079 18.201124 -25.589428 42.642309 -60.282166 100.419940 -145.194109 234.594284 -344.672064 561.363146 -828.238097 1330.595635 -1985.536440 3179.773883 -4763.681532 7585.829235 -11431.136961 18134.863376 -27429.821689 43356.612674 -65806.594986 103704.898101 -157827.029441 248038.911647 -378345.094862 593204.908026 -906507.657906 
0.226373 0.000000 -0.565934 -1.418260 2.309177 -1.782533 3.297690 -4.505083 5.146918 -10.175469 18.015962 -24.257029 38.106630 -62.495536 95.253025 -141.234990 223.092819 -346.318039 535.572078 -822.300186 1282.636090 -1978.828214 3072.644829 -4740.038075 7364.601904 -11374.600177 17655.716473 -27275.254113 42322.636751 -65412.107327 101441.044098 -156797.312047 243056.620987 -375718.483385 582133.610027 
-0.946933 0.000000 2.367331 -0.307443 1.152343 -6.471670 5.270744 -4.164525 9.740433 -17.931064 23.503551 -41.539733 60.674058 -95.383991 141.545052 -230.230760 335.829333 -539.586249 809.902104 -1292.014571 1933.252773 -3077.626688 4643.314797 -7352.887968 11128.128489 -17574.408062 26696.640419 -42034.111791 64020.444186 -100558.298340 153515.821638 -240595.648134 367961.403871 -575570.504401 
0.581766 0.000000 -1.454415 -4.905434 7.622306 -6.207662 9.734441 -13.484999 15.857121 -32.025617 54.492416 -74.769572 113.422510 -186.701951 279.956275 -420.026706 653.101812 -1019.865452 1558.581120 -2406.096729 3716.607461 -5759.484860 8876.127587 -13739.947989 21218.052964 -32867.981640 50766.199419 -78611.462939 121491.655915 -188147.908624 290819.486678 -450267.766637 696079.523439 
-3.620410 0.000000 9.051025 -1.009314 4.145131 -18.558374 17.772627 -12.471281 30.813029 -52.406145 78.554422 -121.594139 191.239005 -281.353267 446.600600 -678.611079 1048.378131 -1596.955522 2513.481811 -3828.209674 5965.575155 -9138.862306 14272.074046 -21866.910841 34081.434808 -52342.502874 81537.120601 -125347.985602 195068.556597 -300206.128208 466849.304364 -718975.172452 
1.710069 0.000000 -4.275173 -10.469276 16.234078 -12.486654 23.241819 -31.748621 34.338562 -70.259683 124.759671 -168.876725 259.903703 -428.264459 647.172873 -964.284246 1513.640709 -2356.795942 3622.034796 -5575.920610 8659.750303 -13386.214169 20709.298399 -31998.060364 49573.240053 -76664.429528 118718.388783 -183591.801686 284334.273044 -439834.571665 681025.189246 
-7.035175 0.000000 17.587937 -1.276578 7.487576 -40.691164 36.636657 -27.426960 66.567128 -113.701719 160.276445 -268.030875 413.119714 -617.892491 955.636645 -1500.429491 2266.688092 -3523.388322 5452.165084 -8467.276889 12987.687387 -20211.864593 31155.111699 -48385.394797 74564.611861 -115836.623947 178701.973620 -277432.410610 428157.627362 -664464.123928 
4.778730 0.000000 -11.946825 -25.896653 39.501176 -27.564939 52.976760 -75.442386 78.705779 -163.459002 290.535213 -391.221271 598.228564 -997.707986 1496.776229 -2229.841784 3496.045877 -5465.510303 8365.952059 -12905.835063 20006.909564 -30983.246667 47840.819957 -74035.678233 114540.852369 -177357.944754 274321.764411 -424666.841834 657073.184331 
-18.565953 0.000000 46.414884 -0.330150 15.471994 -97.217129 86.128687 -59.172019 157.696415 -261.280469 371.183089 -616.250411 962.061280 -1407.232505 2211.328563 -3438.853693 5234.773586 -8047.620085 12582.217648 -19368.012125 29912.704793 -46207.686015 71703.941391 -110648.688354 171451.955917 -264914.547145 410646.715904 -634569.722165 
12.957410 0.000000 -32.393524 -59.720965 89.790326 -54.849284 119.897775 -173.973300 168.603281 -357.799570 654.227057 -865.757586 1325.535329 -2226.536691 3338.526256 -4944.200231 7788.047212 -12169.735412 18631.309038 -28702.735052 44574.759919 -68950.011853 106546.212508 -164754.060727 255104.925660 -394723.281084 610897.850040 
-43.667416 0.000000 109.168539 5.239017 28.517916 -225.820705 191.634396 -128.368086 361.419769 -588.616743 814.080026 -1398.781216 2176.086834 -3166.138239 4959.097579 -7791.650515 11777.307280 -18167.800232 28329.805698 -43796.237645 67365.853880 -104420.142536 161578.806854 -250061.399738 386450.377717 -598606.447891 
35.451921 0.000000 -88.629803 -146.032806 215.386577 -114.680113 276.908165 -413.932871 378.930541 -824.586207 1526.300573 -1993.089643 3046.892039 -5174.645849 7724.764606 -11407.833982 18001.908776 -28185.975187 43061.210845 -66378.238115 103077.173427 -159527.061540 246345.378931 -381125.769571 589930.672787 
-109.602693 0.000000 274.006732 26.531039 52.127834 -540.441429 443.408230 -278.006006 853.848523 -1360.553251 1855.423138 -3242.127822 5062.948310 -7269.153069 11455.334852 -18028.450968 27235.706859 -41882.559118 65536.814361 -101150.493296 155746.956618 -241062.219535 373632.783789 -577471.254918 
95.818443 0.000000 -239.546108 -353.413657 511.626270 -225.763264 637.043973 -980.415876 832.935825 -1866.872788 3533.997937 -4529.886351 6923.125583 -11886.123586 17691.664119 -25994.940701 41178.358296 -64531.650110 98474.808751 -151732.812244 235864.029984 -364915.241053 563553.152620 
-271.862564 0.000000 679.656410 100.122203 80.128287 -1288.501196 1010.236063 -590.183515 2001.670163 -3118.138204 4151.063573 -7464.423043 11659.822825 -16543.613921 26143.137507 -41399.901186 62284.952623 -95740.189734 149959.812173 -231685.800763 356221.606106 -551765.550054 
258.497528 0.000000 -646.243821 -868.264441 1232.505916 -430.508213 1469.031912 -2339.211467 1835.665564 -4264.117299 8240.654340 -10353.372094 15802.975778 -27494.258669 40743.936439 -59570.395128 94687.621351 -148624.538059 226347.848693 -348768.312068 542456.732647 
-684.660080 0.000000 1711.650199 330.372745 85.260302 -3101.972865 2320.054410 -1230.595485 4732.674435 -7192.510530 9340.673674 -17276.153298 27031.370571 -37794.856500 60036.330360 -95547.205497 143284.691350 -219834.670043 345157.885185 -533169.723607 
694.777780 0.000000 -1736.944451 -2141.767047 2978.092749 -750.251516 3387.036340 -5594.267196 4001.637320 -9710.483425 19231.434661 -23597.522819 35986.368743 -63540.236799 93739.459453 -136234.851871 217488.154925 -341881.141604 519654.165539 
-1728.503219 0.000000 4321.258047 1020.626287 -66.239109 -7491.897203 5314.642984 -2492.204835 11203.545461 -16585.723966 20896.722779 -39976.063771 62615.422938 -86172.175533 137594.812543 -220395.329075 329087.831970 -504153.338815 
1860.920186 0.000000 -4652.300464 -5320.821125 7247.701982 -1111.617103 7813.516605 -13439.065616 8656.635436 -22146.977471 45035.318370 -53812.125816 81953.607190 -147186.292219 216005.200613 -311859.345926 500211.299523 
-4390.123214 0.000000 10975.308036 3025.550731 -833.270875 -18196.745562 12193.715969 -4842.915901 26636.260496 -38332.431670 46651.239039 -92681.625785 145364.163195 -196459.888131 315699.786979 -509155.025360 
4969.017243 0.000000 -12422.543109 -13279.718290 17721.391695 -947.097353 18025.700689 -32398.111087 18478.723420 -50451.969087 105685.309420 -122527.674506 186332.242486 -341172.601025 497801.106438 
-11187.193687 0.000000 27967.984219 8724.758383 -3700.194884 -44386.320833 27964.528173 -8793.954747 63515.038128 -88677.242757 103608.545607 -215061.995632 337751.555018 -447280.018590 
13231.494620 0.000000 -33078.736550 -33301.982280 43555.779746 2013.031460 41590.157603 -78413.036733 38803.426958 -114871.378333 248680.012419 -278683.698909 423047.137826 
-28602.459346 0.000000 71506.148365 24668.149789 -13169.918007 -108753.023774 64134.401162 -14057.682454 151980.858269 -205403.727513 228808.329399 -499622.042210 
35144.055186 0.000000 -87860.137965 -83833.484861 107525.687241 15591.139296 95938.359038 -190477.416925 79582.021646 -261141.379715 586521.141162 
-73309.122926 0.000000 183272.807316 68724.966098 -42474.880440 -267540.406686 147009.780833 -16111.752691 364833.509953 -476221.672564 
93127.901878 0.000000 -232819.754694 -211779.885735 266583.000829 64467.613632 221255.570178 -464428.354426 157836.067203 
-188288.996191 0.000000 470722.490476 189283.119404 -129505.125110 -660771.914746 336811.421624 5481.075007 
246251.214603 0.000000 -615628.036507 -536615.208353 663513.969084 222918.359068 510118.553917 
-484413.377135 0.000000 1211033.442838 516589.231204 -380856.192347 -1638066.394866 
649860.319521 0.000000 -1624650.798804 -1363329.280185 1657511.382440 
-1247956.471134 0.000000 3119891.177834 1399429.813067 
1711875.372465 0.000000 -4279688.431163 
-3218512.543859 0.000000 
4501896.338276 
