46 
Moments geometrique centres, normes : 
1.000000 0.000000 0.110965 0.017537 0.029827 0.011412 0.011933 0.006767 0.005927 0.004023 0.003298 0.002433 0.001950 0.001497 0.001194 0.000936 0.000747 0.000593 0.000475 0.000380 0.000306 0.000246 0.000198 0.000160 0.000129 0.000105 0.000085 0.000069 0.000056 0.000046 0.000037 0.000030 0.000025 0.000020 0.000016 0.000013 0.000011 0.000009 0.000007 0.000006 0.000005 0.000004 0.000003 0.000003 0.000002 0.000002 
0.000000 -0.031571 -0.006674 -0.008310 -0.003779 -0.003397 -0.002081 -0.001694 -0.001180 -0.000932 -0.000689 -0.000541 -0.000413 -0.000325 -0.000253 -0.000200 -0.000158 -0.000125 -0.000100 -0.000080 -0.000064 -0.000051 -0.000041 -0.000033 -0.000027 -0.000022 -0.000018 -0.000014 -0.000012 -0.000009 -0.000008 -0.000006 -0.000005 -0.000004 -0.000003 -0.000003 -0.000002 -0.000002 -0.000002 -0.000001 -0.000001 -0.000001 -0.000001 -0.000001 -0.000000 
0.117834 -0.007634 0.012217 0.000155 0.002999 0.000629 0.001075 0.000455 0.000487 0.000285 0.000254 0.000173 0.000144 0.000106 0.000085 0.000065 0.000052 0.000041 0.000033 0.000026 0.000021 0.000017 0.000013 0.000011 0.000009 0.000007 0.000006 0.000005 0.000004 0.000003 0.000002 0.000002 0.000002 0.000001 0.000001 0.000001 0.000001 0.000001 0.000000 0.000000 0.000000 0.000000 0.000000 0.000000 
0.008269 -0.007705 -0.000388 -0.001676 -0.000432 -0.000578 -0.000263 -0.000256 -0.000153 -0.000131 -0.000089 -0.000072 -0.000053 -0.000042 -0.000032 -0.000025 -0.000020 -0.000016 -0.000012 -0.000010 -0.000008 -0.000006 -0.000005 -0.000004 -0.000003 -0.000003 -0.000002 -0.000002 -0.000001 -0.000001 -0.000001 -0.000001 -0.000001 -0.000001 -0.000000 -0.000000 -0.000000 -0.000000 -0.000000 -0.000000 -0.000000 -0.000000 -0.000000 
0.029825 -0.003221 0.002966 -0.000276 0.000683 0.000046 0.000223 0.000063 0.000092 0.000044 0.000045 0.000028 0.000024 0.000017 0.000014 0.000010 0.000008 0.000007 0.000005 0.000004 0.000003 0.000003 0.000002 0.000002 0.000001 0.000001 0.000001 0.000001 0.000001 0.000000 0.000000 0.000000 0.000000 0.000000 0.000000 0.000000 0.000000 0.000000 0.000000 0.000000 0.000000 0.000000 
0.005451 -0.002522 0.000201 -0.000504 -0.000037 -0.000153 -0.000041 -0.000060 -0.000027 -0.000028 -0.000017 -0.000015 -0.000010 -0.000008 -0.000006 -0.000005 -0.000004 -0.000003 -0.000002 -0.000002 -0.000001 -0.000001 -0.000001 -0.000001 -0.000001 -0.000000 -0.000000 -0.000000 -0.000000 -0.000000 -0.000000 -0.000000 -0.000000 -0.000000 -0.000000 -0.000000 -0.000000 -0.000000 -0.000000 -0.000000 -0.000000 
0.010044 -0.001352 0.000963 -0.000166 0.000210 -0.000012 0.000063 0.000008 0.000024 0.000008 0.000011 0.000006 0.000005 0.000003 0.000003 0.000002 0.000002 0.000001 0.000001 0.000001 0.000001 0.000001 0.000000 0.000000 0.000000 0.000000 0.000000 0.000000 0.000000 0.000000 0.000000 0.000000 0.000000 0.000000 0.000000 0.000000 0.000000 0.000000 0.000000 0.000000 
0.002978 -0.000988 0.000180 -0.000189 0.000016 -0.000052 -0.000004 -0.000018 -0.000005 -0.000008 -0.000003 -0.000004 -0.000002 -0.000002 -0.000001 -0.000001 -0.000001 -0.000001 -0.000000 -0.000000 -0.000000 -0.000000 -0.000000 -0.000000 -0.000000 -0.000000 -0.000000 -0.000000 -0.000000 -0.000000 -0.000000 -0.000000 -0.000000 -0.000000 -0.000000 -0.000000 -0.000000 -0.000000 -0.000000 
0.003938 -0.000599 0.000366 -0.000086 0.000077 -0.000013 0.000021 -0.000000 0.000007 0.000001 0.000003 0.000001 0.000001 0.000001 0.000001 0.000000 0.000000 0.000000 0.000000 0.000000 0.000000 0.000000 0.000000 0.000000 0.000000 0.000000 0.000000 0.000000 0.000000 0.000000 0.000000 0.000000 0.000000 0.000000 0.000000 0.000000 0.000000 0.000000 
0.001564 -0.000430 0.000111 -0.000081 0.000017 -0.000021 0.000002 -0.000006 -0.000000 -0.000002 -0.000001 -0.000001 -0.000000 -0.000001 -0.000000 -0.000000 -0.000000 -0.000000 -0.000000 -0.000000 -0.000000 -0.000000 -0.000000 -0.000000 -0.000000 -0.000000 -0.000000 -0.000000 -0.000000 -0.000000 -0.000000 -0.000000 -0.000000 -0.000000 -0.000000 -0.000000 -0.000000 
0.001695 -0.000278 0.000154 -0.000044 0.000031 -0.000008 0.000008 -0.000001 0.000003 0.000000 0.000001 0.000000 0.000000 0.000000 0.000000 0.000000 0.000000 0.000000 0.000000 0.000000 0.000000 0.000000 0.000000 0.000000 0.000000 0.000000 0.000000 0.000000 0.000000 0.000000 0.000000 0.000000 0.000000 0.000000 0.000000 0.000000 
0.000816 -0.000199 0.000063 -0.000037 0.000011 -0.000009 0.000002 -0.000003 0.000000 -0.000001 -0.000000 -0.000000 -0.000000 -0.000000 -0.000000 -0.000000 -0.000000 -0.000000 -0.000000 -0.000000 -0.000000 -0.000000 -0.000000 -0.000000 -0.000000 -0.000000 -0.000000 -0.000000 -0.000000 -0.000000 -0.000000 -0.000000 -0.000000 -0.000000 -0.000000 
0.000777 -0.000134 0.000070 -0.000023 0.000014 -0.000005 0.000004 -0.000001 0.000001 -0.000000 0.000000 0.000000 0.000000 0.000000 0.000000 0.000000 0.000000 0.000000 0.000000 0.000000 0.000000 0.000000 0.000000 0.000000 0.000000 0.000000 0.000000 0.000000 0.000000 0.000000 0.000000 0.000000 0.000000 0.000000 
0.000426 -0.000096 0.000034 -0.000018 0.000006 -0.000004 0.000001 -0.000001 0.000000 -0.000000 0.000000 -0.000000 -0.000000 -0.000000 -0.000000 -0.000000 -0.000000 -0.000000 -0.000000 -0.000000 -0.000000 -0.000000 -0.000000 -0.000000 -0.000000 -0.000000 -0.000000 -0.000000 -0.000000 -0.000000 -0.000000 -0.000000 -0.000000 
0.000372 -0.000067 0.000033 -0.000012 0.000007 -0.000002 0.000002 -0.000001 0.000000 -0.000000 0.000000 -0.000000 0.000000 0.000000 0.000000 0.000000 0.000000 0.000000 0.000000 0.000000 0.000000 0.000000 0.000000 0.000000 0.000000 0.000000 0.000000 0.000000 0.000000 0.000000 0.000000 0.000000 
0.000223 -0.000048 0.000019 -0.000009 0.000004 -0.000002 0.000001 -0.000001 0.000000 -0.000000 0.000000 -0.000000 0.000000 -0.000000 -0.000000 -0.000000 -0.000000 -0.000000 -0.000000 -0.000000 -0.000000 -0.000000 -0.000000 -0.000000 -0.000000 -0.000000 -0.000000 -0.000000 -0.000000 -0.000000 -0.000000 
0.000184 -0.000034 0.000016 -0.000006 0.000003 -0.000001 0.000001 -0.000000 0.000000 -0.000000 0.000000 -0.000000 0.000000 -0.000000 0.000000 0.000000 0.000000 0.000000 0.000000 0.000000 0.000000 0.000000 0.000000 0.000000 0.000000 0.000000 0.000000 0.000000 0.000000 0.000000 
0.000118 -0.000024 0.000010 -0.000005 0.000002 -0.000001 0.000000 -0.000000 0.000000 -0.000000 0.000000 -0.000000 0.000000 -0.000000 0.000000 -0.000000 -0.000000 -0.000000 -0.000000 -0.000000 -0.000000 -0.000000 -0.000000 -0.000000 -0.000000 -0.000000 -0.000000 -0.000000 -0.000000 
0.000093 -0.000017 0.000008 -0.000003 0.000002 -0.000001 0.000000 -0.000000 0.000000 -0.000000 0.000000 -0.000000 0.000000 -0.000000 0.000000 -0.000000 0.000000 0.000000 0.000000 0.000000 0.000000 0.000000 0.000000 0.000000 0.000000 0.000000 0.000000 0.000000 
0.000062 -0.000013 0.000005 -0.000002 0.000001 -0.000001 0.000000 -0.000000 0.000000 -0.000000 0.000000 -0.000000 0.000000 -0.000000 0.000000 -0.000000 0.000000 -0.000000 -0.000000 -0.000000 -0.000000 -0.000000 -0.000000 -0.000000 -0.000000 -0.000000 -0.000000 
0.000048 -0.000009 0.000004 -0.000002 0.000001 -0.000000 0.000000 -0.000000 0.000000 -0.000000 0.000000 -0.000000 0.000000 -0.000000 0.000000 -0.000000 0.000000 -0.000000 0.000000 0.000000 0.000000 0.000000 0.000000 0.000000 0.000000 0.000000 
0.000033 -0.000007 0.000003 -0.000001 0.000001 -0.000000 0.000000 -0.000000 0.000000 -0.000000 0.000000 -0.000000 0.000000 -0.000000 0.000000 -0.000000 0.000000 -0.000000 0.000000 -0.000000 -0.000000 -0.000000 -0.000000 -0.000000 -0.000000 
0.000025 -0.000005 0.000002 -0.000001 0.000000 -0.000000 0.000000 -0.000000 0.000000 -0.000000 0.000000 -0.000000 0.000000 -0.000000 0.000000 -0.000000 0.000000 -0.000000 0.000000 -0.000000 0.000000 0.000000 0.000000 0.000000 
0.000018 -0.000004 0.000002 -0.000001 0.000000 -0.000000 0.000000 -0.000000 0.000000 -0.000000 0.000000 -0.000000 0.000000 -0.000000 0.000000 -0.000000 0.000000 -0.000000 0.000000 -0.000000 0.000000 -0.000000 -0.000000 
0.000013 -0.000003 0.000001 -0.000001 0.000000 -0.000000 0.000000 -0.000000 0.000000 -0.000000 0.000000 -0.000000 0.000000 -0.000000 0.000000 -0.000000 0.000000 -0.000000 0.000000 -0.000000 0.000000 -0.000000 
0.000009 -0.000002 0.000001 -0.000000 0.000000 -0.000000 0.000000 -0.000000 0.000000 -0.000000 0.000000 -0.000000 0.000000 -0.000000 0.000000 -0.000000 0.000000 -0.000000 0.000000 -0.000000 0.000000 
0.000007 -0.000001 0.000001 -0.000000 0.000000 -0.000000 0.000000 -0.000000 0.000000 -0.000000 0.000000 -0.000000 0.000000 -0.000000 0.000000 -0.000000 0.000000 -0.000000 0.000000 -0.000000 
0.000005 -0.000001 0.000000 -0.000000 0.000000 -0.000000 0.000000 -0.000000 0.000000 -0.000000 0.000000 -0.000000 0.000000 -0.000000 0.000000 -0.000000 0.000000 -0.000000 0.000000 
0.000004 -0.000001 0.000000 -0.000000 0.000000 -0.000000 0.000000 -0.000000 0.000000 -0.000000 0.000000 -0.000000 0.000000 -0.000000 0.000000 -0.000000 0.000000 -0.000000 
0.000003 -0.000001 0.000000 -0.000000 0.000000 -0.000000 0.000000 -0.000000 0.000000 -0.000000 0.000000 -0.000000 0.000000 -0.000000 0.000000 -0.000000 0.000000 
0.000002 -0.000000 0.000000 -0.000000 0.000000 -0.000000 0.000000 -0.000000 0.000000 -0.000000 0.000000 -0.000000 0.000000 -0.000000 0.000000 -0.000000 
0.000001 -0.000000 0.000000 -0.000000 0.000000 -0.000000 0.000000 -0.000000 0.000000 -0.000000 0.000000 -0.000000 0.000000 -0.000000 0.000000 
0.000001 -0.000000 0.000000 -0.000000 0.000000 -0.000000 0.000000 -0.000000 0.000000 -0.000000 0.000000 -0.000000 0.000000 -0.000000 
0.000001 -0.000000 0.000000 -0.000000 0.000000 -0.000000 0.000000 -0.000000 0.000000 -0.000000 0.000000 -0.000000 0.000000 
0.000001 -0.000000 0.000000 -0.000000 0.000000 -0.000000 0.000000 -0.000000 0.000000 -0.000000 0.000000 -0.000000 
0.000000 -0.000000 0.000000 -0.000000 0.000000 -0.000000 0.000000 -0.000000 0.000000 -0.000000 0.000000 
0.000000 -0.000000 0.000000 -0.000000 0.000000 -0.000000 0.000000 -0.000000 0.000000 -0.000000 
0.000000 -0.000000 0.000000 -0.000000 0.000000 -0.000000 0.000000 -0.000000 0.000000 
0.000000 -0.000000 0.000000 -0.000000 0.000000 -0.000000 0.000000 -0.000000 
0.000000 -0.000000 0.000000 -0.000000 0.000000 -0.000000 0.000000 
0.000000 -0.000000 0.000000 -0.000000 0.000000 -0.000000 
0.000000 -0.000000 0.000000 -0.000000 0.000000 
0.000000 -0.000000 0.000000 -0.000000 
0.000000 -0.000000 0.000000 
0.000000 -0.000000 
0.000000 
Moments de Legendre : 
0.250000 0.000000 -0.416941 0.076724 0.201096 -0.174841 0.002496 0.121560 -0.110054 -0.025346 0.098269 0.026524 0.031118 -0.028486 -0.090192 -0.002943 0.006783 0.002516 0.056047 -0.004080 -0.041754 0.008987 0.013591 0.016704 0.001078 -0.005798 0.044229 -0.034280 -0.101172 0.026045 0.034681 -0.026532 0.054935 0.027056 -0.008857 0.075694 -0.043987 -0.133916 0.026270 0.008225 -0.056832 0.080258 0.061997 -0.022658 0.035841 -0.005305 
0.000000 -0.071036 -0.037541 0.139552 0.057324 -0.109156 0.005513 0.080376 -0.037701 -0.051444 0.008038 -0.010742 -0.012166 0.033597 0.036551 -0.012381 -0.024605 0.016844 0.002187 -0.035920 0.011947 0.037688 -0.008104 -0.016935 -0.023228 -0.031620 0.025867 0.045619 0.004198 0.008232 0.013491 -0.015692 -0.040003 -0.048771 0.008078 0.054563 -0.009127 -0.015421 0.056028 0.024149 -0.017086 -0.014845 -0.065527 -0.029671 0.065573 
-0.404061 -0.042943 0.661814 -0.036423 -0.308824 0.216081 -0.010137 -0.171796 0.207357 0.053728 -0.215252 -0.061000 -0.020904 0.015759 0.157009 0.055243 -0.044176 0.013662 -0.030050 -0.078095 0.004147 0.063491 -0.005234 -0.068249 0.014693 0.025516 -0.070432 0.046659 0.126732 -0.034146 0.000858 0.061199 -0.124813 -0.090733 0.016517 -0.095309 0.046759 0.212018 0.012452 0.006536 0.088935 -0.148000 -0.154053 0.056533 
0.036176 0.147503 0.028217 -0.262806 -0.095604 0.173368 -0.043626 -0.147990 0.110441 0.119775 -0.031686 0.030176 0.041605 -0.080253 -0.073017 -0.000527 0.001818 0.015897 0.040801 0.010523 -0.016270 -0.008496 -0.020125 -0.008383 0.064880 0.071923 -0.025054 -0.084206 -0.060661 -0.016868 -0.003913 -0.006959 0.078539 0.151009 0.010571 -0.098353 -0.001980 -0.025254 -0.124905 -0.030379 0.017888 0.013576 0.177673 
0.143110 0.098134 -0.209766 -0.154914 0.076352 0.050756 0.015957 0.011222 -0.130440 -0.039926 0.181075 0.046307 -0.043594 0.075424 -0.072145 -0.138964 0.070502 -0.026291 -0.114491 0.168947 0.139641 -0.133036 -0.035746 0.066880 -0.044934 -0.019186 0.033296 -0.010253 0.011961 0.000775 -0.088873 -0.061064 0.081358 0.135888 0.035479 -0.041111 -0.013597 -0.033344 -0.083106 -0.076342 -0.035044 0.096810 
-0.080929 -0.096038 0.046900 0.100855 0.036860 0.034229 0.099522 0.018078 -0.137606 -0.071619 0.025269 -0.063972 -0.035486 0.080850 0.035603 0.064025 0.091548 -0.106671 -0.094041 0.093124 -0.041819 -0.109841 0.107681 0.081054 -0.074456 -0.049145 -0.042903 0.017724 0.123751 0.021541 -0.005443 0.096704 -0.071017 -0.217662 -0.055331 0.023399 0.023027 0.150731 0.130458 -0.005444 0.036830 
0.060550 -0.060555 -0.126560 0.130717 0.086385 -0.112788 -0.019237 0.048604 0.027003 0.012952 -0.058566 0.009553 0.044915 -0.114209 -0.027701 0.113751 -0.026593 0.025622 0.144529 -0.079901 -0.162249 -0.000618 0.032352 0.056134 0.041072 -0.054678 0.010095 0.033859 -0.060488 0.004499 0.049865 0.010672 0.028489 -0.089511 -0.120776 0.128193 0.099289 -0.135117 -0.018557 0.133705 
0.024570 0.001138 0.024998 0.123941 -0.043344 -0.276494 -0.090192 0.186444 0.079831 -0.070209 0.057390 0.108275 -0.049302 -0.052091 0.021119 -0.092531 -0.079749 0.093483 0.015312 -0.050311 0.132760 0.074753 -0.135957 -0.055035 0.021268 -0.011945 0.084422 0.059744 -0.075179 -0.032573 -0.059457 -0.130320 0.065416 0.188544 0.081151 0.055958 -0.016156 -0.171517 -0.121767 
-0.069724 -0.031263 0.131967 0.078055 -0.090440 -0.083435 0.033604 0.055257 0.003877 -0.005948 -0.015977 -0.058091 -0.028329 0.056875 0.083767 0.051315 -0.027467 -0.100982 -0.080275 -0.026658 0.050998 0.153442 0.044155 -0.143046 -0.005294 0.120407 -0.080635 -0.116294 0.052038 0.016997 0.004664 0.083976 -0.024246 -0.025258 0.105377 -0.092918 -0.216392 0.115938 
0.088260 0.047901 -0.209484 -0.212114 0.152868 0.343609 0.007290 -0.256669 -0.000306 0.118202 -0.128386 -0.080477 0.123900 0.029748 -0.024763 0.016309 -0.055437 0.036773 0.129986 -0.083769 -0.123715 0.070230 0.013329 -0.057564 0.062735 0.029199 -0.066895 -0.010551 0.017987 0.017004 0.063967 0.053304 -0.006735 -0.093379 -0.153098 -0.030455 0.089783 
0.042874 0.067974 -0.091203 -0.183300 0.078063 0.206636 -0.040659 -0.113551 0.011713 -0.016643 -0.011233 0.087954 0.066123 -0.014132 -0.117608 -0.166942 0.042591 0.207590 0.059115 -0.015703 0.021484 -0.121298 -0.136227 0.069576 0.033883 -0.067513 0.105422 0.130285 -0.068315 -0.027229 0.038250 -0.118997 -0.083048 0.060002 -0.034956 0.036735 
-0.107441 -0.079232 0.243454 0.260253 -0.191504 -0.337037 0.036045 0.177927 0.003228 0.016869 0.070638 -0.045689 -0.082707 -0.039870 0.003390 0.135891 0.107551 -0.142717 -0.134981 0.049742 -0.017497 -0.035913 0.150646 0.093881 -0.073343 -0.001721 0.006184 -0.118054 -0.070481 0.043397 0.076375 0.022057 -0.104601 0.028831 0.272323 
-0.055321 -0.048323 0.111075 0.133353 -0.066452 -0.132184 -0.002879 0.023344 0.005871 0.075296 0.034358 -0.099399 -0.079803 0.049003 0.119663 0.086091 -0.059147 -0.167678 -0.067204 0.055418 0.020069 0.054546 0.164488 0.019911 -0.180067 -0.076149 0.041770 0.000478 0.031369 0.021615 -0.068045 0.005956 0.075175 0.046843 
0.059874 0.113541 -0.147456 -0.325252 0.108704 0.339777 0.029646 -0.068676 -0.086733 -0.172883 0.046286 0.136343 -0.002068 0.080977 -0.028376 -0.265649 -0.002686 0.197513 0.023484 0.076085 0.114372 -0.139508 -0.181145 -0.041031 -0.024556 0.024027 0.122539 0.131271 0.051267 -0.069362 -0.109496 -0.008877 0.088404 
0.049990 0.026715 -0.080963 -0.059653 0.004383 0.019326 0.067623 0.060541 -0.045857 -0.060598 0.002287 0.012223 0.005671 -0.026076 -0.043105 0.031945 0.058225 0.029098 0.043456 -0.018470 -0.079028 -0.059251 -0.124838 -0.006138 0.324168 0.171255 -0.243017 -0.170288 0.019858 -0.002486 0.076368 0.132096 
-0.078189 -0.111154 0.147237 0.294856 -0.034036 -0.256731 -0.128961 -0.021342 0.141006 0.194351 -0.063857 -0.104992 0.005037 -0.085894 0.076224 0.248754 -0.089008 -0.218117 0.006318 -0.054534 -0.037834 0.185475 0.089912 -0.002732 0.079542 -0.100212 -0.219485 0.019091 0.133030 0.000377 -0.082409 
-0.020693 0.000831 0.021587 -0.013862 0.028694 0.037932 -0.059565 -0.023049 0.034579 -0.073899 -0.012027 0.176005 0.044243 -0.145348 -0.057590 0.026278 0.005084 -0.002390 0.000793 0.048748 0.034211 -0.015028 0.095116 0.007621 -0.310262 -0.148504 0.248173 0.204989 0.050956 -0.038110 
0.119640 0.072518 -0.184196 -0.168973 -0.003627 0.098626 0.163470 0.082581 -0.103004 -0.133403 -0.019172 0.050111 0.041541 0.005259 -0.044006 -0.063728 0.019579 0.124019 0.081559 -0.040101 -0.092320 -0.084598 -0.023109 0.039548 0.035483 0.077026 0.086289 -0.108385 -0.177833 
-0.002161 -0.036768 -0.006686 0.082653 0.022981 -0.054641 -0.017030 -0.032354 0.012755 0.136016 -0.040391 -0.239487 0.033045 0.258707 0.030068 -0.132148 -0.022446 0.022833 -0.066550 -0.074258 0.100687 0.141933 -0.107902 -0.115910 0.152401 0.096798 -0.089838 -0.093494 
-0.065576 -0.040231 0.070755 0.078335 0.069049 -0.025816 -0.133585 -0.055227 0.033753 0.066341 0.084073 -0.033396 -0.058494 0.045903 -0.068236 -0.076074 0.154099 0.026079 -0.155864 0.062728 0.099624 -0.046909 0.014473 -0.070222 -0.141361 0.131428 0.161094 
0.021031 0.033253 -0.001741 -0.051446 -0.051076 0.008464 0.029341 0.007601 -0.000568 0.004884 0.062986 0.038219 -0.145143 -0.090025 0.146167 0.024617 -0.113707 0.105789 0.128760 -0.100579 -0.145861 -0.081630 0.081805 0.226230 0.010632 -0.163719 
-0.016278 0.017117 0.062119 -0.040208 -0.101253 0.051161 0.090787 -0.046088 -0.022214 0.015995 -0.076858 -0.021276 0.080167 0.071880 0.089637 -0.049771 -0.215340 -0.001784 0.102593 -0.098497 0.031823 0.199245 0.015602 0.014359 -0.033842 
-0.016693 0.014432 0.005674 -0.070763 -0.005400 0.081073 0.070865 0.038564 -0.078987 -0.153453 -0.002121 0.180976 0.126065 -0.192313 -0.265532 0.192521 0.266326 -0.218665 -0.087249 0.284922 -0.020904 -0.151822 0.012295 -0.205882 
-0.001485 0.004459 -0.003580 0.001585 0.023876 -0.039101 -0.056320 0.072120 0.061805 -0.063347 0.020982 0.088953 -0.125141 -0.206632 0.091929 0.258732 -0.003268 -0.151486 0.091749 0.126558 -0.185487 -0.246418 -0.070870 
-0.022404 -0.044587 0.037589 0.131817 0.044945 -0.102670 -0.141489 -0.056744 0.115345 0.129229 -0.085188 -0.149763 0.056199 0.242413 0.146972 -0.189065 -0.245936 0.036164 -0.036240 -0.175487 0.227448 0.341805 
0.062421 0.003208 -0.112249 -0.002208 0.051358 -0.016564 0.020525 0.014101 -0.050193 0.026464 0.036009 -0.032917 0.097348 0.048945 -0.300031 -0.141123 0.333971 0.120243 -0.245426 0.021805 0.188850 
0.019860 0.032096 -0.038318 -0.088576 -0.012138 0.044382 0.063495 0.081849 -0.042259 -0.079553 0.110572 0.013566 -0.242031 -0.052856 0.119626 -0.035993 0.074156 0.259594 0.091051 -0.069063 
-0.050306 -0.032934 0.071816 0.050682 -0.017456 0.016797 0.040516 -0.033098 -0.076354 -0.034167 -0.035627 -0.091936 0.038082 0.339164 0.262657 -0.262712 -0.377365 0.056287 0.103725 
0.060389 -0.005043 -0.066943 0.035860 -0.029578 -0.025871 0.071737 -0.094489 -0.069516 0.153230 -0.005898 -0.019533 0.200397 -0.118620 -0.282460 0.187892 0.132245 -0.294598 
-0.007957 0.023176 0.037225 -0.032759 -0.015773 0.013417 -0.135945 -0.090287 0.213224 0.168501 -0.000701 0.095353 -0.167571 -0.510213 -0.016971 0.430111 0.100402 
-0.097409 -0.025486 0.101359 0.001902 0.064091 0.060375 -0.102641 0.055614 0.104730 -0.218561 -0.195838 0.057130 0.094367 0.218159 0.212564 -0.187473 
0.038010 0.032556 -0.057908 -0.076921 -0.047198 0.010119 0.192696 0.172996 -0.169330 -0.228309 -0.048037 -0.016181 0.199638 0.289501 -0.133492 
0.015198 0.054170 0.044652 -0.055577 -0.104734 -0.029640 0.005059 -0.052075 -0.025527 0.160555 0.298922 0.082265 -0.332942 -0.360865 
-0.041743 -0.065645 0.036155 0.137062 0.081916 -0.035886 -0.100023 -0.121535 -0.064810 0.088693 0.181568 0.031167 -0.158779 
0.058386 -0.053220 -0.143769 0.079545 0.064730 -0.064239 0.133673 0.134380 -0.096775 -0.066313 -0.171421 -0.275049 
0.026462 0.045173 -0.028728 -0.074853 -0.001595 -0.024788 -0.087710 0.095814 0.239635 0.009274 -0.214136 
-0.019882 0.028812 0.032113 -0.044788 0.079540 0.076735 -0.214989 -0.129348 0.136906 -0.029257 
0.016638 -0.004500 -0.017385 -0.024958 -0.043710 0.110710 0.134748 -0.151136 -0.160246 
-0.028524 -0.023998 0.064775 0.018398 -0.118844 0.022453 0.140642 -0.065387 
-0.043100 -0.027444 0.078186 0.076907 -0.050348 -0.104293 0.035272 
-0.008805 0.031757 0.047814 -0.021337 -0.083594 -0.097965 
0.020503 0.030973 -0.059221 -0.047202 0.120068 
0.055138 -0.014904 -0.174977 0.002312 
-0.004241 0.005292 -0.011982 
-0.039145 0.002699 
0.021417 
