10 
A 
Moments geometrique centres, normes : 
0.500000 0.000000 0.034670 -0.003489 0.004628 -0.000919 0.000823 -0.000222 0.000172 -0.000055 0.000040 
-0.000000 -0.016406 0.004904 -0.002488 0.001069 -0.000500 0.000240 -0.000114 0.000057 -0.000028 
0.036471 -0.001412 0.003145 -0.000816 0.000522 -0.000208 0.000111 -0.000051 0.000026 
-0.000998 -0.003125 0.000815 -0.000487 0.000204 -0.000103 0.000049 -0.000024 
0.006102 -0.000343 0.000584 -0.000176 0.000106 -0.000045 0.000024 
-0.000391 -0.000685 0.000163 -0.000107 0.000044 -0.000023 
0.001283 -0.000075 0.000127 -0.000040 0.000024 
-0.000131 -0.000163 0.000036 -0.000025 
0.000304 -0.000016 0.000030 
-0.000042 -0.000041 
0.000077 
Moments de Legendre : 
0.125000 0.000000 -0.247494 -0.015262 0.174909 0.064031 -0.025903 -0.130540 -0.095874 0.170642 0.139363 
-0.000000 -0.036913 0.027587 0.096538 -0.092582 -0.106651 0.142444 0.061836 -0.128222 -0.009101 
-0.244116 -0.007945 0.492002 0.039203 -0.366969 -0.101309 0.078595 0.176409 0.182109 
-0.004367 0.088183 -0.058896 -0.231644 0.224031 0.257473 -0.364432 -0.147703 
0.174213 0.025630 -0.372044 -0.051122 0.323624 0.010130 -0.125696 
0.015546 -0.072695 0.030256 0.194612 -0.196656 -0.222790 
-0.060176 -0.035138 0.153912 0.044647 -0.187782 
-0.023277 -0.003843 0.035670 0.000529 
0.012510 0.020438 -0.040063 
0.015348 0.069795 
-0.050182 
