20 
A 
Moments geometrique centres, normes : 
0.500000 0.000000 0.034670 -0.003489 0.004628 -0.000919 0.000823 -0.000222 0.000172 -0.000055 0.000040 -0.000014 0.000010 -0.000004 0.000002 -0.000001 0.000001 -0.000000 0.000000 -0.000000 0.000000 
-0.000000 -0.016406 0.004904 -0.002488 0.001069 -0.000500 0.000240 -0.000114 0.000057 -0.000028 0.000014 -0.000007 0.000004 -0.000002 0.000001 -0.000001 0.000000 -0.000000 0.000000 -0.000000 
0.036471 -0.001412 0.003145 -0.000816 0.000522 -0.000208 0.000111 -0.000051 0.000026 -0.000013 0.000007 -0.000003 0.000002 -0.000001 0.000000 -0.000000 0.000000 -0.000000 0.000000 
-0.000998 -0.003125 0.000815 -0.000487 0.000204 -0.000103 0.000049 -0.000024 0.000012 -0.000006 0.000003 -0.000002 0.000001 -0.000000 0.000000 -0.000000 0.000000 -0.000000 
0.006102 -0.000343 0.000584 -0.000176 0.000106 -0.000045 0.000024 -0.000011 0.000006 -0.000003 0.000002 -0.000001 0.000000 -0.000000 0.000000 -0.000000 0.000000 
-0.000391 -0.000685 0.000163 -0.000107 0.000044 -0.000023 0.000011 -0.000006 0.000003 -0.000001 0.000001 -0.000000 0.000000 -0.000000 0.000000 -0.000000 
0.001283 -0.000075 0.000127 -0.000040 0.000024 -0.000011 0.000005 -0.000003 0.000001 -0.000001 0.000000 -0.000000 0.000000 -0.000000 0.000000 
-0.000131 -0.000163 0.000036 -0.000025 0.000010 -0.000005 0.000003 -0.000001 0.000001 -0.000000 0.000000 -0.000000 0.000000 -0.000000 
0.000304 -0.000016 0.000030 -0.000010 0.000006 -0.000003 0.000001 -0.000001 0.000000 -0.000000 0.000000 -0.000000 0.000000 
-0.000042 -0.000041 0.000008 -0.000006 0.000003 -0.000001 0.000001 -0.000000 0.000000 -0.000000 0.000000 -0.000000 
0.000077 -0.000003 0.000008 -0.000002 0.000001 -0.000001 0.000000 -0.000000 0.000000 -0.000000 0.000000 
-0.000013 -0.000011 0.000002 -0.000002 0.000001 -0.000000 0.000000 -0.000000 0.000000 -0.000000 
0.000021 -0.000000 0.000002 -0.000001 0.000000 -0.000000 0.000000 -0.000000 0.000000 
-0.000004 -0.000003 0.000000 -0.000000 0.000000 -0.000000 0.000000 -0.000000 
0.000006 -0.000000 0.000001 -0.000000 0.000000 -0.000000 0.000000 
-0.000001 -0.000001 0.000000 -0.000000 0.000000 -0.000000 
0.000002 0.000000 0.000000 -0.000000 0.000000 
-0.000000 -0.000000 0.000000 -0.000000 
0.000000 0.000000 0.000000 
-0.000000 -0.000000 
0.000000 
Moments de Legendre : 
0.125000 0.000000 -0.247494 -0.015262 0.174909 0.064031 -0.025903 -0.130540 -0.095874 0.170642 0.139363 -0.150214 -0.121115 0.075921 0.085597 0.011873 -0.057847 -0.073523 0.033254 0.095871 -0.001986 
-0.000000 -0.036913 0.027587 0.096538 -0.092582 -0.106651 0.142444 0.061836 -0.128222 -0.009101 0.056271 -0.006823 0.019495 -0.012603 -0.051502 0.030225 0.038755 -0.019855 -0.014669 -0.006166 
-0.244116 -0.007945 0.492002 0.039203 -0.366969 -0.101309 0.078595 0.176409 0.182109 -0.221382 -0.296834 0.198535 0.266243 -0.105503 -0.167739 -0.021915 0.075805 0.133185 -0.016329 
-0.004367 0.088183 -0.058896 -0.231644 0.224031 0.257473 -0.364432 -0.147703 0.355788 0.009604 -0.199756 0.046976 0.014821 -0.013542 0.082703 -0.032506 -0.075641 0.028161 
0.174213 0.025630 -0.372044 -0.051122 0.323624 0.010130 -0.125696 0.078470 -0.113352 -0.136124 0.266189 0.113315 -0.259112 -0.046378 0.124978 0.017628 0.023554 
0.015546 -0.072695 0.030256 0.194612 -0.196656 -0.222790 0.376844 0.126615 -0.446364 0.022620 0.365379 -0.127189 -0.199640 0.144071 0.052610 -0.100867 
-0.060176 -0.035138 0.153912 0.044647 -0.187782 0.094670 0.132996 -0.334798 0.007233 0.495320 -0.141284 -0.443540 0.159928 0.227874 -0.050429 
-0.023277 -0.003843 0.035670 0.000529 0.026708 0.018361 -0.165386 -0.016942 0.336986 -0.052734 -0.448926 0.184852 0.423430 -0.300618 
0.012510 0.020438 -0.040063 -0.009071 0.065148 -0.129804 -0.066311 0.359525 0.034908 -0.528214 0.001195 0.504711 -0.006375 
0.015348 0.069795 -0.065413 -0.170308 0.114416 0.159927 -0.065844 -0.066230 -0.125067 0.031208 0.357378 -0.143455 
-0.050182 0.012703 0.076575 -0.046750 -0.004838 0.101385 -0.053473 -0.178646 0.017375 0.258985 0.087856 
0.004412 -0.067153 0.025329 0.166910 -0.097721 -0.159551 0.123853 0.051926 -0.038877 0.032621 
0.110155 -0.037521 -0.166833 0.086057 0.000078 -0.066162 0.154177 0.003497 -0.113669 
-0.016602 0.010742 0.037237 -0.028311 -0.029001 0.025171 -0.014606 0.013982 
-0.130153 0.030082 0.208659 -0.068506 -0.027839 0.046647 -0.171622 
0.007457 0.033589 -0.049933 -0.079902 0.109894 0.073692 
0.109230 0.005701 -0.193353 -0.006008 0.071113 
0.015298 -0.021479 -0.002732 0.048560 
-0.088687 -0.038516 0.174978 
-0.032330 -0.028305 
0.092165 
