50 
A 
Moments geometrique centres, normes : 
0.500000 0.000000 0.034670 -0.003489 0.004628 -0.000919 0.000823 -0.000222 0.000172 -0.000055 0.000040 -0.000014 0.000010 -0.000004 0.000002 -0.000001 0.000001 -0.000000 0.000000 -0.000000 0.000000 -0.000000 0.000000 -0.000000 0.000000 -0.000000 0.000000 -0.000000 0.000000 -0.000000 0.000000 -0.000000 0.000000 -0.000000 0.000000 -0.000000 0.000000 -0.000000 0.000000 -0.000000 0.000000 -0.000000 0.000000 -0.000000 0.000000 -0.000000 0.000000 -0.000000 0.000000 -0.000000 0.000000 
-0.000000 -0.016406 0.004904 -0.002488 0.001069 -0.000500 0.000240 -0.000114 0.000057 -0.000028 0.000014 -0.000007 0.000004 -0.000002 0.000001 -0.000001 0.000000 -0.000000 0.000000 -0.000000 0.000000 -0.000000 0.000000 -0.000000 0.000000 -0.000000 0.000000 -0.000000 0.000000 -0.000000 0.000000 -0.000000 0.000000 -0.000000 0.000000 -0.000000 0.000000 -0.000000 0.000000 -0.000000 0.000000 -0.000000 0.000000 -0.000000 0.000000 -0.000000 0.000000 -0.000000 0.000000 -0.000000 
0.036471 -0.001412 0.003145 -0.000816 0.000522 -0.000208 0.000111 -0.000051 0.000026 -0.000013 0.000007 -0.000003 0.000002 -0.000001 0.000000 -0.000000 0.000000 -0.000000 0.000000 -0.000000 0.000000 -0.000000 0.000000 -0.000000 0.000000 -0.000000 0.000000 -0.000000 0.000000 -0.000000 0.000000 -0.000000 0.000000 -0.000000 0.000000 -0.000000 0.000000 -0.000000 0.000000 -0.000000 0.000000 -0.000000 0.000000 -0.000000 0.000000 -0.000000 0.000000 -0.000000 0.000000 
-0.000998 -0.003125 0.000815 -0.000487 0.000204 -0.000103 0.000049 -0.000024 0.000012 -0.000006 0.000003 -0.000002 0.000001 -0.000000 0.000000 -0.000000 0.000000 -0.000000 0.000000 -0.000000 0.000000 -0.000000 0.000000 -0.000000 0.000000 -0.000000 0.000000 -0.000000 0.000000 -0.000000 0.000000 -0.000000 0.000000 -0.000000 0.000000 -0.000000 0.000000 -0.000000 0.000000 -0.000000 0.000000 -0.000000 0.000000 -0.000000 0.000000 -0.000000 0.000000 -0.000000 
0.006102 -0.000343 0.000584 -0.000176 0.000106 -0.000045 0.000024 -0.000011 0.000006 -0.000003 0.000002 -0.000001 0.000000 -0.000000 0.000000 -0.000000 0.000000 -0.000000 0.000000 -0.000000 0.000000 -0.000000 0.000000 -0.000000 0.000000 -0.000000 0.000000 -0.000000 0.000000 -0.000000 0.000000 -0.000000 0.000000 -0.000000 0.000000 -0.000000 0.000000 -0.000000 0.000000 -0.000000 0.000000 -0.000000 0.000000 -0.000000 0.000000 -0.000000 0.000000 
-0.000391 -0.000685 0.000163 -0.000107 0.000044 -0.000023 0.000011 -0.000006 0.000003 -0.000001 0.000001 -0.000000 0.000000 -0.000000 0.000000 -0.000000 0.000000 -0.000000 0.000000 -0.000000 0.000000 -0.000000 0.000000 -0.000000 0.000000 -0.000000 0.000000 -0.000000 0.000000 -0.000000 0.000000 -0.000000 0.000000 -0.000000 0.000000 -0.000000 0.000000 -0.000000 0.000000 -0.000000 0.000000 -0.000000 0.000000 -0.000000 0.000000 -0.000000 
0.001283 -0.000075 0.000127 -0.000040 0.000024 -0.000011 0.000005 -0.000003 0.000001 -0.000001 0.000000 -0.000000 0.000000 -0.000000 0.000000 -0.000000 0.000000 -0.000000 0.000000 -0.000000 0.000000 -0.000000 0.000000 -0.000000 0.000000 -0.000000 0.000000 -0.000000 0.000000 -0.000000 0.000000 -0.000000 0.000000 -0.000000 0.000000 -0.000000 0.000000 -0.000000 0.000000 -0.000000 0.000000 -0.000000 0.000000 -0.000000 0.000000 
-0.000131 -0.000163 0.000036 -0.000025 0.000010 -0.000005 0.000003 -0.000001 0.000001 -0.000000 0.000000 -0.000000 0.000000 -0.000000 0.000000 -0.000000 0.000000 -0.000000 0.000000 -0.000000 0.000000 -0.000000 0.000000 -0.000000 0.000000 -0.000000 0.000000 -0.000000 0.000000 -0.000000 0.000000 -0.000000 0.000000 -0.000000 0.000000 -0.000000 0.000000 -0.000000 0.000000 -0.000000 0.000000 -0.000000 0.000000 -0.000000 
0.000304 -0.000016 0.000030 -0.000010 0.000006 -0.000003 0.000001 -0.000001 0.000000 -0.000000 0.000000 -0.000000 0.000000 -0.000000 0.000000 -0.000000 0.000000 -0.000000 0.000000 -0.000000 0.000000 -0.000000 0.000000 -0.000000 0.000000 -0.000000 0.000000 -0.000000 0.000000 -0.000000 0.000000 -0.000000 0.000000 -0.000000 0.000000 -0.000000 0.000000 -0.000000 0.000000 -0.000000 0.000000 -0.000000 0.000000 
-0.000042 -0.000041 0.000008 -0.000006 0.000003 -0.000001 0.000001 -0.000000 0.000000 -0.000000 0.000000 -0.000000 0.000000 -0.000000 0.000000 -0.000000 0.000000 -0.000000 0.000000 -0.000000 0.000000 -0.000000 0.000000 -0.000000 0.000000 -0.000000 0.000000 -0.000000 0.000000 -0.000000 0.000000 -0.000000 0.000000 -0.000000 0.000000 -0.000000 0.000000 -0.000000 0.000000 -0.000000 0.000000 -0.000000 
0.000077 -0.000003 0.000008 -0.000002 0.000001 -0.000001 0.000000 -0.000000 0.000000 -0.000000 0.000000 -0.000000 0.000000 -0.000000 0.000000 -0.000000 0.000000 -0.000000 0.000000 -0.000000 0.000000 -0.000000 0.000000 -0.000000 0.000000 -0.000000 0.000000 -0.000000 0.000000 -0.000000 0.000000 -0.000000 0.000000 -0.000000 0.000000 -0.000000 0.000000 -0.000000 0.000000 -0.000000 0.000000 
-0.000013 -0.000011 0.000002 -0.000002 0.000001 -0.000000 0.000000 -0.000000 0.000000 -0.000000 0.000000 -0.000000 0.000000 -0.000000 0.000000 -0.000000 0.000000 -0.000000 0.000000 -0.000000 0.000000 -0.000000 0.000000 -0.000000 0.000000 -0.000000 0.000000 -0.000000 0.000000 -0.000000 0.000000 -0.000000 0.000000 -0.000000 0.000000 -0.000000 0.000000 -0.000000 0.000000 -0.000000 
0.000021 -0.000000 0.000002 -0.000001 0.000000 -0.000000 0.000000 -0.000000 0.000000 -0.000000 0.000000 -0.000000 0.000000 -0.000000 0.000000 -0.000000 0.000000 -0.000000 0.000000 -0.000000 0.000000 -0.000000 0.000000 -0.000000 0.000000 -0.000000 0.000000 -0.000000 0.000000 -0.000000 0.000000 -0.000000 0.000000 -0.000000 0.000000 -0.000000 0.000000 -0.000000 0.000000 
-0.000004 -0.000003 0.000000 -0.000000 0.000000 -0.000000 0.000000 -0.000000 0.000000 -0.000000 0.000000 -0.000000 0.000000 -0.000000 0.000000 -0.000000 0.000000 -0.000000 0.000000 -0.000000 0.000000 -0.000000 0.000000 -0.000000 0.000000 -0.000000 0.000000 -0.000000 0.000000 -0.000000 0.000000 -0.000000 0.000000 -0.000000 0.000000 -0.000000 0.000000 -0.000000 
0.000006 -0.000000 0.000001 -0.000000 0.000000 -0.000000 0.000000 -0.000000 0.000000 -0.000000 0.000000 -0.000000 0.000000 -0.000000 0.000000 -0.000000 0.000000 -0.000000 0.000000 -0.000000 0.000000 -0.000000 0.000000 -0.000000 0.000000 -0.000000 0.000000 -0.000000 0.000000 -0.000000 0.000000 -0.000000 0.000000 -0.000000 0.000000 -0.000000 0.000000 
-0.000001 -0.000001 0.000000 -0.000000 0.000000 -0.000000 0.000000 -0.000000 0.000000 -0.000000 0.000000 -0.000000 0.000000 -0.000000 0.000000 -0.000000 0.000000 -0.000000 0.000000 -0.000000 0.000000 -0.000000 0.000000 -0.000000 0.000000 -0.000000 0.000000 -0.000000 0.000000 -0.000000 0.000000 -0.000000 0.000000 -0.000000 0.000000 -0.000000 
0.000002 0.000000 0.000000 -0.000000 0.000000 -0.000000 0.000000 -0.000000 0.000000 -0.000000 0.000000 -0.000000 0.000000 -0.000000 0.000000 -0.000000 0.000000 -0.000000 0.000000 -0.000000 0.000000 -0.000000 0.000000 -0.000000 0.000000 -0.000000 0.000000 -0.000000 0.000000 -0.000000 0.000000 -0.000000 0.000000 -0.000000 0.000000 
-0.000000 -0.000000 0.000000 -0.000000 0.000000 -0.000000 0.000000 -0.000000 0.000000 -0.000000 0.000000 -0.000000 0.000000 -0.000000 0.000000 -0.000000 0.000000 -0.000000 0.000000 -0.000000 0.000000 -0.000000 0.000000 -0.000000 0.000000 -0.000000 0.000000 -0.000000 0.000000 -0.000000 0.000000 -0.000000 0.000000 -0.000000 
0.000000 0.000000 0.000000 -0.000000 0.000000 -0.000000 0.000000 -0.000000 0.000000 -0.000000 0.000000 -0.000000 0.000000 -0.000000 0.000000 -0.000000 0.000000 -0.000000 0.000000 -0.000000 0.000000 -0.000000 0.000000 -0.000000 0.000000 -0.000000 0.000000 -0.000000 0.000000 -0.000000 0.000000 -0.000000 0.000000 
-0.000000 -0.000000 0.000000 -0.000000 0.000000 -0.000000 0.000000 -0.000000 0.000000 -0.000000 0.000000 -0.000000 0.000000 -0.000000 0.000000 -0.000000 0.000000 -0.000000 0.000000 -0.000000 0.000000 -0.000000 0.000000 -0.000000 0.000000 -0.000000 0.000000 -0.000000 0.000000 -0.000000 0.000000 -0.000000 
0.000000 0.000000 0.000000 -0.000000 0.000000 -0.000000 0.000000 -0.000000 0.000000 -0.000000 0.000000 -0.000000 0.000000 -0.000000 0.000000 -0.000000 0.000000 -0.000000 0.000000 -0.000000 0.000000 -0.000000 0.000000 -0.000000 0.000000 -0.000000 0.000000 -0.000000 0.000000 -0.000000 0.000000 
-0.000000 -0.000000 0.000000 -0.000000 0.000000 -0.000000 0.000000 -0.000000 0.000000 -0.000000 0.000000 -0.000000 0.000000 -0.000000 0.000000 -0.000000 0.000000 -0.000000 0.000000 -0.000000 0.000000 -0.000000 0.000000 -0.000000 0.000000 -0.000000 0.000000 -0.000000 0.000000 -0.000000 
0.000000 0.000000 0.000000 -0.000000 0.000000 -0.000000 0.000000 -0.000000 0.000000 -0.000000 0.000000 -0.000000 0.000000 -0.000000 0.000000 -0.000000 0.000000 -0.000000 0.000000 -0.000000 0.000000 -0.000000 0.000000 -0.000000 0.000000 -0.000000 0.000000 -0.000000 0.000000 
-0.000000 -0.000000 0.000000 -0.000000 0.000000 -0.000000 0.000000 -0.000000 0.000000 -0.000000 0.000000 -0.000000 0.000000 -0.000000 0.000000 -0.000000 0.000000 -0.000000 0.000000 -0.000000 0.000000 -0.000000 0.000000 -0.000000 0.000000 -0.000000 0.000000 -0.000000 
0.000000 0.000000 0.000000 -0.000000 0.000000 -0.000000 0.000000 -0.000000 0.000000 -0.000000 0.000000 -0.000000 0.000000 -0.000000 0.000000 -0.000000 0.000000 -0.000000 0.000000 -0.000000 0.000000 -0.000000 0.000000 -0.000000 0.000000 -0.000000 0.000000 
-0.000000 -0.000000 0.000000 -0.000000 0.000000 -0.000000 0.000000 -0.000000 0.000000 -0.000000 0.000000 -0.000000 0.000000 -0.000000 0.000000 -0.000000 0.000000 -0.000000 0.000000 -0.000000 0.000000 -0.000000 0.000000 -0.000000 0.000000 -0.000000 
0.000000 0.000000 0.000000 -0.000000 0.000000 -0.000000 0.000000 -0.000000 0.000000 -0.000000 0.000000 -0.000000 0.000000 -0.000000 0.000000 -0.000000 0.000000 -0.000000 0.000000 -0.000000 0.000000 -0.000000 0.000000 -0.000000 0.000000 
-0.000000 -0.000000 0.000000 -0.000000 0.000000 -0.000000 0.000000 -0.000000 0.000000 -0.000000 0.000000 -0.000000 0.000000 -0.000000 0.000000 -0.000000 0.000000 -0.000000 0.000000 -0.000000 0.000000 -0.000000 0.000000 -0.000000 
0.000000 0.000000 0.000000 -0.000000 0.000000 -0.000000 0.000000 -0.000000 0.000000 -0.000000 0.000000 -0.000000 0.000000 -0.000000 0.000000 -0.000000 0.000000 -0.000000 0.000000 -0.000000 0.000000 -0.000000 0.000000 
-0.000000 -0.000000 -0.000000 -0.000000 0.000000 -0.000000 0.000000 -0.000000 0.000000 -0.000000 0.000000 -0.000000 0.000000 -0.000000 0.000000 -0.000000 0.000000 -0.000000 0.000000 -0.000000 0.000000 -0.000000 
0.000000 0.000000 0.000000 -0.000000 0.000000 -0.000000 0.000000 -0.000000 0.000000 -0.000000 0.000000 -0.000000 0.000000 -0.000000 0.000000 -0.000000 0.000000 -0.000000 0.000000 -0.000000 0.000000 
-0.000000 -0.000000 -0.000000 -0.000000 0.000000 -0.000000 0.000000 -0.000000 0.000000 -0.000000 0.000000 -0.000000 0.000000 -0.000000 0.000000 -0.000000 0.000000 -0.000000 0.000000 -0.000000 
0.000000 0.000000 0.000000 -0.000000 0.000000 -0.000000 0.000000 -0.000000 0.000000 -0.000000 0.000000 -0.000000 0.000000 -0.000000 0.000000 -0.000000 0.000000 -0.000000 0.000000 
-0.000000 -0.000000 -0.000000 -0.000000 0.000000 -0.000000 0.000000 -0.000000 0.000000 -0.000000 0.000000 -0.000000 0.000000 -0.000000 0.000000 -0.000000 0.000000 -0.000000 
0.000000 0.000000 0.000000 -0.000000 0.000000 -0.000000 0.000000 -0.000000 0.000000 -0.000000 0.000000 -0.000000 0.000000 -0.000000 0.000000 -0.000000 0.000000 
-0.000000 -0.000000 -0.000000 -0.000000 0.000000 -0.000000 0.000000 -0.000000 0.000000 -0.000000 0.000000 -0.000000 0.000000 -0.000000 0.000000 -0.000000 
0.000000 0.000000 0.000000 -0.000000 0.000000 -0.000000 0.000000 -0.000000 0.000000 -0.000000 0.000000 -0.000000 0.000000 -0.000000 0.000000 
-0.000000 -0.000000 -0.000000 -0.000000 0.000000 -0.000000 0.000000 -0.000000 0.000000 -0.000000 0.000000 -0.000000 0.000000 -0.000000 
0.000000 0.000000 0.000000 -0.000000 0.000000 -0.000000 0.000000 -0.000000 0.000000 -0.000000 0.000000 -0.000000 0.000000 
-0.000000 -0.000000 -0.000000 -0.000000 0.000000 -0.000000 0.000000 -0.000000 0.000000 -0.000000 0.000000 -0.000000 
0.000000 0.000000 0.000000 -0.000000 0.000000 -0.000000 0.000000 -0.000000 0.000000 -0.000000 0.000000 
-0.000000 -0.000000 -0.000000 -0.000000 0.000000 -0.000000 0.000000 -0.000000 0.000000 -0.000000 
0.000000 0.000000 0.000000 -0.000000 0.000000 -0.000000 0.000000 -0.000000 0.000000 
-0.000000 -0.000000 -0.000000 -0.000000 0.000000 -0.000000 0.000000 -0.000000 
0.000000 0.000000 0.000000 0.000000 0.000000 -0.000000 0.000000 
-0.000000 -0.000000 -0.000000 -0.000000 0.000000 -0.000000 
0.000000 0.000000 0.000000 0.000000 0.000000 
-0.000000 -0.000000 -0.000000 -0.000000 
0.000000 0.000000 0.000000 
-0.000000 -0.000000 
0.000000 
Moments de Legendre : 
0.125000 0.000000 -0.247494 -0.015262 0.174909 0.064031 -0.025903 -0.130540 -0.095874 0.170642 0.139363 -0.150214 -0.121115 0.075921 0.085597 0.011873 -0.057847 -0.073523 0.033254 0.095871 -0.001986 -0.088805 -0.029177 0.065941 0.042671 -0.035107 -0.031502 0.004687 0.007712 0.011021 0.010636 -0.001021 -0.015605 -0.028198 0.009793 0.053979 0.004760 -0.057294 -0.030373 0.039855 0.063974 -0.018319 -0.089316 0.002554 0.087050 0.014889 -0.055363 -0.044168 0.016601 0.076638 0.001678 
-0.000000 -0.036913 0.027587 0.096538 -0.092582 -0.106651 0.142444 0.061836 -0.128222 -0.009101 0.056271 -0.006823 0.019495 -0.012603 -0.051502 0.030225 0.038755 -0.019855 -0.014669 -0.006166 0.004180 0.016383 -0.001490 0.001133 -0.011122 -0.027210 0.033145 0.036963 -0.043582 -0.028006 0.027522 0.017860 0.003772 -0.017760 -0.024769 0.018514 0.024075 -0.006022 -0.013861 -0.015604 0.010193 0.025478 -0.011382 -0.011952 0.003075 -0.009947 0.017085 0.013869 -0.029464 0.006499 
-0.244116 -0.007945 0.492002 0.039203 -0.366969 -0.101309 0.078595 0.176409 0.182109 -0.221382 -0.296834 0.198535 0.266243 -0.105503 -0.167739 -0.021915 0.075805 0.133185 -0.016329 -0.190876 -0.021820 0.184417 0.050684 -0.128679 -0.065619 0.055563 0.056412 -0.002190 -0.025109 -0.005391 -0.011186 -0.032229 0.031803 0.086380 -0.023678 -0.119849 -0.015341 0.114028 0.076481 -0.078974 -0.139395 0.036709 0.176308 0.003480 -0.166612 -0.049405 0.114079 0.104858 -0.048928 
-0.004367 0.088183 -0.058896 -0.231644 0.224031 0.257473 -0.364432 -0.147703 0.355788 0.009604 -0.199756 0.046976 0.014821 -0.013542 0.082703 -0.032506 -0.075641 0.028161 0.029269 0.009889 -0.001093 -0.020252 -0.012430 -0.022552 0.042757 0.080555 -0.087792 -0.102600 0.105171 0.082966 -0.065526 -0.057308 -0.006154 0.049169 0.055040 -0.040825 -0.055789 0.005428 0.033029 0.045472 -0.021113 -0.066248 0.019014 0.032935 -0.000083 0.019938 -0.038044 -0.032793 
0.174213 0.025630 -0.372044 -0.051122 0.323624 0.010130 -0.125696 0.078470 -0.113352 -0.136124 0.266189 0.113315 -0.259112 -0.046378 0.124978 0.017628 0.023554 -0.063819 -0.087292 0.135991 0.057146 -0.154593 -0.003009 0.096771 -0.008073 -0.019448 -0.023375 -0.003354 0.045397 -0.043792 -0.024283 0.109786 -0.015010 -0.136885 0.020451 0.115838 0.025718 -0.079246 -0.088583 0.052801 0.122252 -0.028165 -0.117609 -0.014300 0.100517 0.069043 -0.090069 
0.015546 -0.072695 0.030256 0.194612 -0.196656 -0.222790 0.376844 0.126615 -0.446364 0.022620 0.365379 -0.127189 -0.199640 0.144071 0.052610 -0.100867 0.016327 0.048101 -0.015517 -0.008871 -0.015549 -0.025762 0.049480 0.066200 -0.078820 -0.103421 0.097734 0.119889 -0.093303 -0.111210 0.059267 0.088211 -0.010136 -0.059720 -0.027300 0.022917 0.037320 0.024114 -0.025918 -0.065987 0.008097 0.076678 0.008832 -0.047106 -0.023733 0.001458 
-0.060176 -0.035138 0.153912 0.044647 -0.187782 0.094670 0.132996 -0.334798 0.007233 0.495320 -0.141284 -0.443540 0.159928 0.227874 -0.050429 -0.024299 -0.079412 -0.038656 0.105661 -0.013494 -0.012990 0.063902 -0.095475 -0.046953 0.111578 0.006670 -0.031534 -0.020330 -0.055129 0.093681 0.072966 -0.153619 -0.035852 0.137190 0.010910 -0.062946 -0.028082 0.002225 0.049905 0.005923 -0.031885 0.010109 -0.011517 -0.004767 0.023103 
-0.023277 -0.003843 0.035670 0.000529 0.026708 0.018361 -0.165386 -0.016942 0.336986 -0.052734 -0.448926 0.184852 0.423430 -0.300618 -0.271095 0.310859 0.092697 -0.201135 0.004005 0.048043 0.006250 0.052817 -0.059277 -0.071270 0.078586 0.052782 -0.050382 -0.052703 0.019836 0.074281 -0.024845 -0.077018 0.050734 0.035381 -0.055952 0.027376 0.029830 -0.067810 -0.007087 0.072042 0.021097 -0.063401 -0.055899 0.062901 
0.012510 0.020438 -0.040063 -0.009071 0.065148 -0.129804 -0.066311 0.359525 0.034908 -0.528214 0.001195 0.504711 -0.006375 -0.299216 -0.016388 0.050793 0.020418 0.097484 0.034772 -0.107960 -0.131271 0.045711 0.199227 0.010045 -0.180131 -0.036419 0.081888 0.056211 0.030534 -0.081565 -0.094970 0.089097 0.097731 -0.052257 -0.064090 -0.016259 0.017952 0.067525 0.036474 -0.062133 -0.095542 0.006220 0.135478 
0.015348 0.069795 -0.065413 -0.170308 0.114416 0.159927 -0.065844 -0.066230 -0.125067 0.031208 0.357378 -0.143455 -0.458411 0.329306 0.350432 -0.424325 -0.128009 0.343781 -0.038647 -0.163787 0.066728 0.031741 -0.015856 -0.015645 -0.009227 0.057973 -0.017521 -0.067641 0.033664 0.027739 0.013306 0.003737 -0.091303 0.017516 0.123627 -0.065130 -0.086477 0.084047 0.037483 -0.066917 -0.039719 0.059955 
-0.050182 0.012703 0.076575 -0.046750 -0.004838 0.101385 -0.053473 -0.178646 0.017375 0.258985 0.087856 -0.292449 -0.154883 0.229228 0.102591 -0.073184 0.046496 -0.098541 -0.194951 0.185760 0.263761 -0.148473 -0.248158 0.041774 0.189950 0.036463 -0.117785 -0.033866 0.031233 -0.021465 0.063091 0.068738 -0.124252 -0.083332 0.104917 0.087468 -0.005243 -0.098774 -0.115322 0.090135 0.188602 
0.004412 -0.067153 0.025329 0.166910 -0.097721 -0.159551 0.123853 0.051926 -0.038877 0.032621 -0.115052 0.015334 0.217972 -0.180263 -0.184399 0.339676 0.041067 -0.383608 0.105923 0.308931 -0.171399 -0.201493 0.152636 0.142000 -0.101209 -0.140102 0.055107 0.152129 -0.011886 -0.141934 -0.039852 0.111515 0.085509 -0.081126 -0.095923 0.060192 0.067813 -0.047569 -0.035880 0.048980 
0.110155 -0.037521 -0.166833 0.086057 0.000078 -0.066162 0.154177 0.003497 -0.113669 0.017017 -0.092358 0.036028 0.262144 -0.091002 -0.231965 0.052618 0.030613 0.080881 0.173453 -0.204357 -0.251284 0.217503 0.216542 -0.134041 -0.161456 0.062291 0.130537 -0.081896 -0.088140 0.161373 0.000658 -0.207665 0.089396 0.179360 -0.099177 -0.123862 0.005734 0.099824 0.118615 
-0.016602 0.010742 0.037237 -0.028311 -0.029001 0.025171 -0.014606 0.013982 0.080296 -0.071592 -0.127057 0.092237 0.124027 -0.020630 -0.090554 -0.138900 0.084236 0.303388 -0.138825 -0.368908 0.217848 0.302041 -0.241785 -0.174813 0.167563 0.100079 -0.037079 -0.126071 -0.059399 0.195678 0.067780 -0.211532 -0.014323 0.137722 -0.032233 -0.032349 0.032235 -0.017967 
-0.130153 0.030082 0.208659 -0.068506 -0.027839 0.046647 -0.171622 0.024488 0.180665 -0.078308 0.021308 0.070874 -0.263390 -0.030409 0.353300 0.023550 -0.244639 -0.080377 0.047694 0.164699 0.097798 -0.218937 -0.141338 0.225789 0.124506 -0.215348 -0.099879 0.217401 0.074616 -0.223834 -0.031564 0.206774 -0.021242 -0.163124 0.045922 0.122614 -0.018937 
0.007457 0.033589 -0.049933 -0.079902 0.109894 0.073692 -0.095935 -0.039773 -0.039227 0.043942 0.216779 -0.092282 -0.301081 0.103357 0.243926 -0.002183 -0.135558 -0.170575 0.099895 0.275168 -0.153836 -0.215228 0.193808 0.051012 -0.124306 0.052166 -0.022452 0.006243 0.115288 -0.157918 -0.067469 0.241812 -0.069757 -0.175061 0.165605 0.030934 
0.109230 0.005701 -0.193353 -0.006008 0.071113 -0.015070 0.109413 0.035381 -0.186405 -0.016887 0.074181 -0.045016 0.169287 0.106705 -0.381439 -0.121469 0.418883 0.095969 -0.268040 -0.088907 0.049171 0.145848 0.089198 -0.240585 -0.090037 0.292529 0.015406 -0.247363 0.033633 0.135960 -0.017200 -0.047133 -0.021716 0.041942 0.023377 
0.015298 -0.021479 -0.002732 0.048560 -0.058443 -0.035824 0.078607 0.000126 0.001130 0.009822 -0.136826 0.018353 0.221037 -0.037975 -0.193814 0.001400 0.100604 0.068751 -0.034273 -0.088714 0.031180 0.005928 -0.040633 0.126752 -0.001446 -0.187365 0.084897 0.104049 -0.127574 0.067372 0.065453 -0.192666 0.071705 0.185644 
-0.088687 -0.038516 0.174978 0.081818 -0.108901 -0.041837 -0.037195 -0.044203 0.152836 0.064929 -0.123241 0.028201 -0.071931 -0.153669 0.311132 0.187917 -0.412915 -0.109048 0.295883 0.025348 -0.062521 -0.049556 -0.090334 0.162318 0.055740 -0.226004 0.089441 0.138783 -0.176019 0.043916 0.118678 -0.159022 0.010174 
-0.032330 -0.028305 0.069051 0.073711 -0.061348 -0.081158 0.031406 0.048894 -0.004899 -0.016063 0.005491 0.016993 -0.034463 -0.044297 0.064559 0.057251 -0.061464 -0.022772 0.016049 -0.054398 0.046248 0.137732 -0.091109 -0.186942 0.108449 0.178911 -0.114539 -0.111940 0.120532 0.004722 -0.107924 0.103925 
0.092165 0.038462 -0.179641 -0.091097 0.111751 0.079104 0.023978 -0.025720 -0.118333 0.015955 0.082617 -0.089299 0.077313 0.183528 -0.247440 -0.199921 0.289525 0.117294 -0.164005 -0.020632 -0.023867 0.005831 0.111582 -0.066797 -0.026927 0.096669 -0.145895 -0.008370 0.247402 -0.156875 -0.190422 
0.035307 0.062697 -0.095140 -0.156299 0.125585 0.151548 -0.101104 -0.052667 0.020955 -0.038597 0.053369 0.043071 -0.053353 0.013219 -0.016960 -0.040667 0.076697 -0.006023 -0.053513 0.081730 -0.037138 -0.112655 0.112952 0.082727 -0.122366 -0.040197 0.101409 0.025385 -0.119653 -0.017645 
-0.101340 -0.006535 0.176934 0.021950 -0.067152 -0.042544 -0.072165 0.071880 0.098403 -0.113528 0.023657 0.160502 -0.199158 -0.191491 0.290310 0.183398 -0.231353 -0.133762 0.073387 0.070831 0.066969 -0.033968 -0.099378 0.035613 0.016917 -0.042426 0.112403 0.003966 -0.197189 
-0.032834 -0.053208 0.079501 0.131778 -0.089295 -0.121628 0.060304 0.018609 -0.007440 0.093909 -0.022688 -0.137531 -0.006131 0.111031 0.073316 -0.070848 -0.112641 0.055528 0.078952 -0.047485 0.002276 0.011142 -0.063208 0.048587 0.071594 -0.084447 -0.067533 0.064482 
0.088260 -0.026389 -0.135208 0.063216 0.003339 -0.050368 0.121102 -0.016320 -0.082396 0.097376 -0.118496 -0.154351 0.332409 0.178628 -0.405889 -0.178781 0.310293 0.156841 -0.139573 -0.112609 0.006619 0.066630 0.041971 -0.056483 -0.023835 0.093834 -0.027611 
0.033559 0.018560 -0.056059 -0.046563 0.014815 0.039837 0.031393 0.016190 -0.029786 -0.100423 -0.028227 0.170741 0.101008 -0.193381 -0.134118 0.164513 0.105439 -0.107208 -0.038601 0.048578 -0.022267 0.000088 0.049627 -0.041720 -0.049490 0.075780 
-0.054797 0.031126 0.073316 -0.087521 0.031158 0.111878 -0.116057 -0.081875 0.058554 0.006961 0.139441 0.085320 -0.354456 -0.162087 0.453466 0.192159 -0.399270 -0.159346 0.256134 0.083496 -0.113939 -0.024051 0.021089 0.041908 0.019020 
-0.031803 0.005461 0.041702 -0.015162 0.020070 0.024846 -0.069831 -0.045250 0.042334 0.084944 0.049166 -0.129760 -0.127525 0.149974 0.128141 -0.133823 -0.054696 0.106008 -0.037208 -0.100723 0.097797 0.115504 -0.115432 -0.105097 
0.029058 -0.008744 -0.038844 0.037110 -0.018159 -0.078713 0.066503 0.100700 -0.032839 -0.061129 -0.094856 -0.043144 0.252682 0.153978 -0.349732 -0.190007 0.337110 0.118407 -0.238730 0.007452 0.123263 -0.086052 -0.048399 
0.017230 -0.005724 -0.023133 0.023267 -0.007273 -0.052706 0.026269 0.086388 0.000783 -0.104233 -0.060901 0.086950 0.103892 -0.040431 -0.088518 0.005983 0.015839 -0.033145 0.078609 0.127667 -0.155108 -0.225234 
-0.028698 -0.014581 0.047496 0.030097 -0.010632 -0.014315 -0.029812 -0.011615 0.022300 -0.002431 0.045720 0.071858 -0.132206 -0.145035 0.173047 0.145600 -0.138882 -0.049374 0.064512 -0.085672 -0.019087 
0.004891 -0.003721 -0.006573 -0.006836 -0.007696 0.057159 0.035877 -0.125056 -0.070984 0.150493 0.099678 -0.093382 -0.105424 -0.016277 0.075629 0.090775 -0.010225 -0.057256 -0.073226 -0.071867 
0.040674 0.018965 -0.066041 -0.053842 0.012788 0.075848 0.042456 -0.085862 -0.035369 0.099748 -0.032253 -0.119675 0.091982 0.122292 -0.075728 -0.080700 -0.012347 -0.003402 0.091599 
-0.013966 0.008117 0.023756 -0.006637 -0.000108 -0.037371 -0.048812 0.107793 0.105861 -0.147268 -0.143943 0.110413 0.137274 -0.012433 -0.078838 -0.076340 -0.008188 0.088501 
-0.040311 -0.011133 0.056753 0.036233 0.015272 -0.063892 -0.081178 0.089706 0.062419 -0.109460 0.033094 0.114340 -0.117157 -0.093921 0.108956 0.046879 -0.017157 
-0.000563 -0.010521 -0.004132 0.025187 0.007847 -0.018075 0.016207 -0.015461 -0.075093 0.055368 0.131138 -0.070827 -0.126411 0.045397 0.040817 0.006178 
0.021185 0.010724 -0.020210 -0.025636 -0.041932 0.024111 0.098311 -0.015091 -0.084086 0.022885 -0.007458 -0.053317 0.117492 0.078618 -0.173799 
0.021125 0.021268 -0.033812 -0.062750 0.009077 0.088788 0.006701 -0.083137 0.013936 0.051459 -0.047383 -0.015789 0.038393 -0.003030 
0.001749 -0.021710 -0.016367 0.044928 0.049824 -0.017708 -0.083634 -0.039123 0.086078 0.058036 -0.035778 -0.005201 -0.057442 
-0.018918 -0.037842 0.039382 0.101513 -0.032355 -0.121060 0.011291 0.091679 0.011782 -0.058241 -0.030377 0.060064 
-0.014248 0.026324 0.039333 -0.059306 -0.060054 0.038914 0.073076 0.021221 -0.067546 -0.055347 0.039073 
-0.011098 0.044698 0.009340 -0.106031 0.022744 0.087245 -0.044468 -0.003508 0.029086 -0.047767 
0.017482 -0.009799 -0.057130 0.026604 0.094140 -0.031074 -0.093917 0.018300 0.040120 
0.041062 -0.033049 -0.071538 0.070055 0.022759 -0.027729 0.052219 -0.077425 
-0.018535 -0.016349 0.070727 0.036751 -0.127060 -0.024981 0.120306 
-0.041476 0.013434 0.086509 -0.029069 -0.059170 0.007965 
0.015854 0.024671 -0.059455 -0.065622 0.106388 
0.015974 -0.003890 -0.044586 0.018401 
-0.003587 -0.005173 0.012844 
0.003815 0.008769 
-0.012082 
