46 
A 
Moments geometrique centres, normes : 
0.500000 -0.000000 0.076177 -0.012310 0.022184 -0.007713 0.008493 -0.004230 0.003795 -0.002280 0.001862 -0.001239 0.000970 -0.000683 0.000526 -0.000383 0.000293 -0.000219 0.000167 -0.000127 0.000097 -0.000074 0.000057 -0.000044 0.000034 -0.000026 0.000021 -0.000016 0.000013 -0.000010 0.000008 -0.000006 0.000005 -0.000004 0.000003 -0.000002 0.000002 -0.000001 0.000001 -0.000001 0.000001 -0.000001 0.000000 -0.000000 0.000000 -0.000000 0.000000 
-0.000000 -0.043569 0.009162 -0.015364 0.005805 -0.006287 0.003241 -0.002895 0.001766 -0.001443 0.000967 -0.000758 0.000536 -0.000413 0.000302 -0.000232 0.000173 -0.000132 0.000100 -0.000077 0.000059 -0.000045 0.000035 -0.000027 0.000021 -0.000016 0.000013 -0.000010 0.000008 -0.000006 0.000005 -0.000004 0.000003 -0.000002 0.000002 -0.000001 0.000001 -0.000001 0.000001 -0.000001 0.000000 -0.000000 0.000000 -0.000000 0.000000 -0.000000 
0.048052 -0.003772 0.012649 -0.004150 0.004989 -0.002478 0.002290 -0.001380 0.001144 -0.000763 0.000603 -0.000426 0.000329 -0.000241 0.000185 -0.000138 0.000106 -0.000080 0.000062 -0.000047 0.000036 -0.000028 0.000022 -0.000017 0.000013 -0.000010 0.000008 -0.000006 0.000005 -0.000004 0.000003 -0.000002 0.000002 -0.000001 0.000001 -0.000001 0.000001 -0.000001 0.000000 -0.000000 0.000000 -0.000000 0.000000 -0.000000 0.000000 
0.002091 -0.010239 0.003018 -0.004056 0.001914 -0.001850 0.001091 -0.000922 0.000610 -0.000485 0.000342 -0.000265 0.000193 -0.000149 0.000111 -0.000085 0.000064 -0.000050 0.000038 -0.000029 0.000022 -0.000017 0.000013 -0.000010 0.000008 -0.000006 0.000005 -0.000004 0.000003 -0.000002 0.000002 -0.000001 0.000001 -0.000001 0.000001 -0.000001 0.000000 -0.000000 0.000000 -0.000000 0.000000 -0.000000 0.000000 -0.000000 
0.010358 -0.001839 0.003459 -0.001469 0.001528 -0.000870 0.000754 -0.000492 0.000396 -0.000277 0.000216 -0.000157 0.000121 -0.000090 0.000069 -0.000052 0.000040 -0.000031 0.000024 -0.000018 0.000014 -0.000011 0.000008 -0.000007 0.000005 -0.000004 0.000003 -0.000002 0.000002 -0.000002 0.000001 -0.000001 0.000001 -0.000001 0.000000 -0.000000 0.000000 -0.000000 0.000000 -0.000000 0.000000 -0.000000 0.000000 
0.001234 -0.002966 0.001130 -0.001285 0.000697 -0.000626 0.000400 -0.000327 0.000226 -0.000178 0.000129 -0.000099 0.000074 -0.000057 0.000043 -0.000033 0.000025 -0.000019 0.000015 -0.000011 0.000009 -0.000007 0.000005 -0.000004 0.000003 -0.000003 0.000002 -0.000002 0.000001 -0.000001 0.000001 -0.000001 0.000000 -0.000000 0.000000 -0.000000 0.000000 -0.000000 0.000000 -0.000000 0.000000 -0.000000 
0.002858 -0.000809 0.001111 -0.000558 0.000527 -0.000327 0.000272 -0.000186 0.000147 -0.000106 0.000082 -0.000061 0.000047 -0.000035 0.000027 -0.000021 0.000016 -0.000012 0.000009 -0.000007 0.000006 -0.000004 0.000003 -0.000003 0.000002 -0.000002 0.000001 -0.000001 0.000001 -0.000001 0.000000 -0.000000 0.000000 -0.000000 0.000000 -0.000000 0.000000 -0.000000 0.000000 -0.000000 0.000000 
0.000596 -0.000971 0.000447 -0.000451 0.000269 -0.000230 0.000155 -0.000123 0.000088 -0.000068 0.000050 -0.000039 0.000029 -0.000022 0.000017 -0.000013 0.000010 -0.000008 0.000006 -0.000005 0.000004 -0.000003 0.000002 -0.000002 0.000001 -0.000001 0.000001 -0.000001 0.000000 -0.000000 0.000000 -0.000000 0.000000 -0.000000 0.000000 -0.000000 0.000000 -0.000000 0.000000 -0.000000 
0.000909 -0.000347 0.000392 -0.000222 0.000196 -0.000129 0.000104 -0.000074 0.000058 -0.000042 0.000033 -0.000024 0.000019 -0.000014 0.000011 -0.000008 0.000006 -0.000005 0.000004 -0.000003 0.000002 -0.000002 0.000001 -0.000001 0.000001 -0.000001 0.000001 -0.000000 0.000000 -0.000000 0.000000 -0.000000 0.000000 -0.000000 0.000000 -0.000000 0.000000 -0.000000 0.000000 
0.000271 -0.000346 0.000183 -0.000169 0.000108 -0.000089 0.000062 -0.000049 0.000035 -0.000027 0.000020 -0.000016 0.000012 -0.000009 0.000007 -0.000005 0.000004 -0.000003 0.000002 -0.000002 0.000001 -0.000001 0.000001 -0.000001 0.000001 -0.000000 0.000000 -0.000000 0.000000 -0.000000 0.000000 -0.000000 0.000000 -0.000000 0.000000 -0.000000 0.000000 -0.000000 
0.000317 -0.000148 0.000148 -0.000091 0.000077 -0.000052 0.000042 -0.000030 0.000023 -0.000017 0.000013 -0.000010 0.000008 -0.000006 0.000004 -0.000003 0.000003 -0.000002 0.000002 -0.000001 0.000001 -0.000001 0.000001 -0.000000 0.000000 -0.000000 0.000000 -0.000000 0.000000 -0.000000 0.000000 -0.000000 0.000000 -0.000000 0.000000 -0.000000 0.000000 
0.000120 -0.000131 0.000076 -0.000066 0.000045 -0.000036 0.000026 -0.000020 0.000015 -0.000011 0.000008 -0.000006 0.000005 -0.000004 0.000003 -0.000002 0.000002 -0.000001 0.000001 -0.000001 0.000001 -0.000000 0.000000 -0.000000 0.000000 -0.000000 0.000000 -0.000000 0.000000 -0.000000 0.000000 -0.000000 0.000000 -0.000000 0.000000 -0.000000 
0.000119 -0.000064 0.000058 -0.000038 0.000031 -0.000022 0.000017 -0.000013 0.000010 -0.000007 0.000006 -0.000004 0.000003 -0.000002 0.000002 -0.000001 0.000001 -0.000001 0.000001 -0.000001 0.000000 -0.000000 0.000000 -0.000000 0.000000 -0.000000 0.000000 -0.000000 0.000000 -0.000000 0.000000 -0.000000 0.000000 -0.000000 0.000000 
0.000053 -0.000052 0.000032 -0.000027 0.000019 -0.000015 0.000011 -0.000008 0.000006 -0.000005 0.000004 -0.000003 0.000002 -0.000002 0.000001 -0.000001 0.000001 -0.000001 0.000000 -0.000000 0.000000 -0.000000 0.000000 -0.000000 0.000000 -0.000000 0.000000 -0.000000 0.000000 -0.000000 0.000000 -0.000000 0.000000 -0.000000 
0.000047 -0.000028 0.000024 -0.000016 0.000013 -0.000009 0.000007 -0.000005 0.000004 -0.000003 0.000002 -0.000002 0.000001 -0.000001 0.000001 -0.000001 0.000000 -0.000000 0.000000 -0.000000 0.000000 -0.000000 0.000000 -0.000000 0.000000 -0.000000 0.000000 -0.000000 0.000000 -0.000000 0.000000 -0.000000 0.000000 
0.000023 -0.000021 0.000014 -0.000011 0.000008 -0.000006 0.000005 -0.000004 0.000003 -0.000002 0.000002 -0.000001 0.000001 -0.000001 0.000001 -0.000000 0.000000 -0.000000 0.000000 -0.000000 0.000000 -0.000000 0.000000 -0.000000 0.000000 -0.000000 0.000000 -0.000000 0.000000 -0.000000 0.000000 -0.000000 
0.000019 -0.000012 0.000010 -0.000007 0.000005 -0.000004 0.000003 -0.000002 0.000002 -0.000001 0.000001 -0.000001 0.000001 -0.000000 0.000000 -0.000000 0.000000 -0.000000 0.000000 -0.000000 0.000000 -0.000000 0.000000 -0.000000 0.000000 -0.000000 0.000000 -0.000000 0.000000 -0.000000 0.000000 
0.000010 -0.000009 0.000006 -0.000005 0.000003 -0.000003 0.000002 -0.000002 0.000001 -0.000001 0.000001 -0.000001 0.000000 -0.000000 0.000000 -0.000000 0.000000 -0.000000 0.000000 -0.000000 0.000000 -0.000000 0.000000 -0.000000 0.000000 -0.000000 0.000000 -0.000000 0.000000 -0.000000 
0.000008 -0.000005 0.000004 -0.000003 0.000002 -0.000002 0.000001 -0.000001 0.000001 -0.000001 0.000000 -0.000000 0.000000 -0.000000 0.000000 -0.000000 0.000000 -0.000000 0.000000 -0.000000 0.000000 -0.000000 0.000000 -0.000000 0.000000 -0.000000 0.000000 -0.000000 0.000000 
0.000005 -0.000004 0.000003 -0.000002 0.000002 -0.000001 0.000001 -0.000001 0.000001 -0.000000 0.000000 -0.000000 0.000000 -0.000000 0.000000 -0.000000 0.000000 -0.000000 0.000000 -0.000000 0.000000 -0.000000 0.000000 -0.000000 0.000000 -0.000000 0.000000 -0.000000 
0.000003 -0.000002 0.000002 -0.000001 0.000001 -0.000001 0.000001 -0.000000 0.000000 -0.000000 0.000000 -0.000000 0.000000 -0.000000 0.000000 -0.000000 0.000000 -0.000000 0.000000 -0.000000 0.000000 -0.000000 0.000000 -0.000000 0.000000 -0.000000 0.000000 
0.000002 -0.000002 0.000001 -0.000001 0.000001 -0.000001 0.000000 -0.000000 0.000000 -0.000000 0.000000 -0.000000 0.000000 -0.000000 0.000000 -0.000000 0.000000 -0.000000 0.000000 -0.000000 0.000000 -0.000000 0.000000 -0.000000 0.000000 -0.000000 
0.000002 -0.000001 0.000001 -0.000001 0.000000 -0.000000 0.000000 -0.000000 0.000000 -0.000000 0.000000 -0.000000 0.000000 -0.000000 0.000000 -0.000000 0.000000 -0.000000 0.000000 -0.000000 0.000000 -0.000000 0.000000 -0.000000 0.000000 
0.000001 -0.000001 0.000001 -0.000000 0.000000 -0.000000 0.000000 -0.000000 0.000000 -0.000000 0.000000 -0.000000 0.000000 -0.000000 0.000000 -0.000000 0.000000 -0.000000 0.000000 -0.000000 0.000000 -0.000000 0.000000 -0.000000 
0.000001 -0.000000 0.000000 -0.000000 0.000000 -0.000000 0.000000 -0.000000 0.000000 -0.000000 0.000000 -0.000000 0.000000 -0.000000 0.000000 -0.000000 0.000000 -0.000000 0.000000 -0.000000 0.000000 -0.000000 0.000000 
0.000000 -0.000000 0.000000 -0.000000 0.000000 -0.000000 0.000000 -0.000000 0.000000 -0.000000 0.000000 -0.000000 0.000000 -0.000000 0.000000 -0.000000 0.000000 -0.000000 0.000000 -0.000000 0.000000 -0.000000 
0.000000 -0.000000 0.000000 -0.000000 0.000000 -0.000000 0.000000 -0.000000 0.000000 -0.000000 0.000000 -0.000000 0.000000 -0.000000 0.000000 -0.000000 0.000000 -0.000000 0.000000 -0.000000 0.000000 
0.000000 -0.000000 0.000000 -0.000000 0.000000 -0.000000 0.000000 -0.000000 0.000000 -0.000000 0.000000 -0.000000 0.000000 -0.000000 0.000000 -0.000000 0.000000 -0.000000 0.000000 -0.000000 
0.000000 -0.000000 0.000000 -0.000000 0.000000 -0.000000 0.000000 -0.000000 0.000000 -0.000000 0.000000 -0.000000 0.000000 -0.000000 0.000000 -0.000000 0.000000 -0.000000 0.000000 
0.000000 -0.000000 0.000000 -0.000000 0.000000 -0.000000 0.000000 -0.000000 0.000000 -0.000000 0.000000 -0.000000 0.000000 -0.000000 0.000000 -0.000000 0.000000 -0.000000 
0.000000 -0.000000 0.000000 -0.000000 0.000000 -0.000000 0.000000 -0.000000 0.000000 -0.000000 0.000000 -0.000000 0.000000 -0.000000 0.000000 -0.000000 0.000000 
0.000000 -0.000000 0.000000 -0.000000 0.000000 -0.000000 0.000000 -0.000000 0.000000 -0.000000 0.000000 -0.000000 0.000000 -0.000000 0.000000 -0.000000 
0.000000 -0.000000 0.000000 -0.000000 0.000000 -0.000000 0.000000 -0.000000 0.000000 -0.000000 0.000000 -0.000000 0.000000 -0.000000 0.000000 
0.000000 -0.000000 0.000000 -0.000000 0.000000 -0.000000 0.000000 -0.000000 0.000000 -0.000000 0.000000 -0.000000 0.000000 -0.000000 
0.000000 -0.000000 0.000000 -0.000000 0.000000 -0.000000 0.000000 -0.000000 0.000000 -0.000000 0.000000 -0.000000 0.000000 
0.000000 -0.000000 0.000000 -0.000000 0.000000 -0.000000 0.000000 -0.000000 0.000000 -0.000000 0.000000 -0.000000 
0.000000 -0.000000 0.000000 -0.000000 0.000000 -0.000000 0.000000 -0.000000 0.000000 -0.000000 0.000000 
0.000000 -0.000000 0.000000 -0.000000 0.000000 -0.000000 0.000000 -0.000000 0.000000 -0.000000 
0.000000 -0.000000 0.000000 -0.000000 0.000000 -0.000000 0.000000 -0.000000 0.000000 
0.000000 -0.000000 0.000000 -0.000000 0.000000 -0.000000 0.000000 -0.000000 
0.000000 -0.000000 0.000000 -0.000000 0.000000 -0.000000 0.000000 
0.000000 -0.000000 0.000000 -0.000000 0.000000 -0.000000 
0.000000 -0.000000 0.000000 -0.000000 0.000000 
0.000000 -0.000000 0.000000 -0.000000 
0.000000 -0.000000 0.000000 
0.000000 -0.000000 
0.000000 
Moments de Legendre : 
0.125000 -0.000000 -0.169668 -0.053857 -0.002494 0.129185 0.095975 -0.081485 -0.077818 -0.033932 0.046096 0.038570 -0.005986 0.038463 -0.027325 -0.049361 -0.005802 -0.008632 0.063140 0.058929 -0.058766 -0.086074 0.015993 0.089738 0.004669 -0.062383 -0.012456 0.032420 0.027027 -0.023680 -0.029474 0.013386 0.011866 0.016965 0.001829 -0.044359 0.002820 0.045748 -0.008722 -0.037651 0.001673 0.040140 0.006138 -0.031529 -0.011763 0.000645 0.021119 
-0.000000 -0.098029 0.051539 0.141454 -0.060488 0.026636 -0.071899 -0.140187 0.112036 0.105159 0.049645 -0.071998 -0.153395 0.036827 0.078086 0.054137 -0.005879 -0.086901 0.015208 0.024208 -0.022027 0.001175 0.018402 0.036731 -0.025937 -0.041412 0.005087 0.013192 0.035387 -0.017077 -0.035519 0.039662 0.007043 -0.033812 -0.009725 0.011026 0.038671 -0.008632 -0.037110 0.015329 0.008545 -0.001117 -0.015208 -0.009946 0.039799 0.004994 
-0.222403 -0.021215 0.376807 0.072732 -0.121844 -0.122398 -0.170704 0.115763 0.236664 -0.030834 -0.114653 -0.044911 -0.005477 0.018743 0.044480 0.041056 -0.024760 -0.005057 -0.035596 -0.102814 0.089893 0.164452 -0.069794 -0.156240 -0.004632 0.126565 0.047858 -0.086371 -0.039394 0.032461 0.021177 0.010837 -0.008208 -0.033685 -0.008540 0.058211 0.014548 -0.090044 0.005974 0.099374 -0.024167 -0.072312 0.001833 0.042763 0.031351 
0.009148 0.208714 -0.104239 -0.335288 0.126666 -0.010243 0.093919 0.356709 -0.189248 -0.365015 -0.084016 0.218424 0.336370 -0.052959 -0.257534 -0.134864 0.073396 0.214830 -0.022615 -0.129152 0.046875 0.047649 -0.054894 -0.060784 0.036288 0.073978 0.013678 -0.048699 -0.065221 0.049061 0.068994 -0.085239 -0.044339 0.095887 0.048392 -0.058574 -0.077557 0.022666 0.076318 -0.021124 -0.043190 0.024183 0.041171 -0.006498 
0.118396 0.041146 -0.359007 0.033974 0.355131 -0.190055 0.046748 0.060346 -0.346537 0.155074 0.207475 -0.034450 0.012475 -0.182414 -0.078839 0.123315 0.141691 0.011636 -0.157661 0.018939 0.013172 -0.083336 0.091093 0.087927 -0.013940 -0.094882 -0.057061 0.070844 -0.001896 0.015440 0.071368 -0.060640 -0.063579 0.018828 0.033743 0.002859 -0.026016 0.062996 0.003047 -0.115151 0.036845 0.064358 -0.025025 
-0.023584 -0.127523 0.052210 0.281143 -0.089089 -0.094629 0.112537 -0.371420 -0.045415 0.603043 0.038833 -0.360339 -0.234194 0.004136 0.371431 0.175002 -0.220047 -0.268953 0.022273 0.294747 -0.009885 -0.158796 0.032071 0.000556 0.028404 0.004109 -0.056386 0.056533 0.026861 -0.063359 -0.043463 0.068849 0.095222 -0.108900 -0.089152 0.107270 0.037812 -0.042436 -0.030993 0.017078 0.062806 -0.069747 
-0.011565 -0.002160 0.203002 -0.136689 -0.395581 0.367479 0.140767 -0.306110 0.307236 0.005102 -0.374938 0.053419 0.068901 0.176380 0.211019 -0.261050 -0.306251 0.069864 0.276631 0.094455 -0.155680 -0.063974 0.014176 -0.015218 0.036041 0.006485 -0.018596 0.048955 0.057076 -0.063426 -0.151653 0.024612 0.171635 0.019812 -0.074385 -0.022439 -0.023360 -0.024827 0.028361 0.080091 0.002022 
0.013855 -0.043308 0.033446 -0.024550 0.034982 0.114633 -0.340875 0.195543 0.393042 -0.601682 -0.082759 0.490783 -0.001663 -0.049515 -0.246096 -0.228060 0.304808 0.349753 -0.078229 -0.389869 -0.088764 0.210198 0.114364 0.066775 -0.103179 -0.138634 0.051019 0.027911 0.002831 0.042671 0.030888 -0.030971 -0.091937 0.029890 0.056931 -0.062603 0.045552 0.080930 -0.075367 -0.083698 
0.008145 -0.050263 -0.050103 0.118965 0.168542 -0.235330 -0.179447 0.432247 -0.161956 -0.401366 0.476369 0.099476 -0.228155 -0.002697 -0.265444 0.175888 0.403592 -0.151909 -0.294699 -0.079723 0.247247 0.134779 -0.152971 -0.059701 -0.038679 0.102344 0.129918 -0.151286 -0.124149 0.051463 0.166858 0.064160 -0.193653 -0.057543 0.084503 -0.007194 0.063866 0.034784 -0.073728 
0.019299 0.104287 -0.045174 -0.173059 -0.047484 0.041623 0.314569 -0.046475 -0.484522 0.368725 0.275992 -0.571831 0.053663 0.254993 -0.044484 0.273114 -0.176905 -0.491292 0.127372 0.369775 0.165983 -0.144746 -0.270899 -0.083394 0.121398 0.219241 -0.010280 -0.152453 0.038354 0.008246 -0.071282 -0.003227 0.032242 0.089839 0.048614 -0.060480 -0.126490 -0.099417 
-0.066880 0.021439 0.034769 0.016369 0.062243 0.004342 -0.004351 -0.330293 0.088081 0.589156 -0.369512 -0.326266 0.362994 -0.084689 0.023260 0.103730 -0.315750 0.081544 0.331267 -0.078406 -0.265362 -0.065068 0.156700 0.157857 0.039537 -0.167005 -0.189738 0.097154 0.186161 0.023975 -0.112073 -0.093738 0.069269 0.053332 -0.045420 0.033920 -0.006577 
-0.028011 -0.035508 -0.003392 0.151302 0.052227 -0.187921 -0.068557 0.075972 0.249262 -0.188111 -0.377823 0.525963 0.105114 -0.429913 0.198762 -0.166309 -0.109374 0.510037 -0.014093 -0.345652 -0.138954 0.090373 0.234964 0.078591 -0.107303 -0.207925 0.036037 0.193240 -0.095875 -0.063548 0.095216 0.038743 0.010089 -0.128240 -0.118118 0.127635 
0.103099 0.065807 -0.132686 -0.148636 -0.068939 0.115106 0.193935 0.070858 -0.126564 -0.338592 0.168139 0.362043 -0.402896 0.019746 0.376329 -0.315337 0.040262 0.111756 -0.327340 0.162061 0.237502 -0.042251 -0.055660 -0.175982 -0.079423 0.125572 0.203636 0.037431 -0.187370 -0.091745 0.011230 0.058763 0.082524 -0.000396 0.004616 
-0.010245 -0.032838 0.027946 -0.000238 0.033650 0.137301 -0.147679 -0.197578 0.066656 0.222618 0.186591 -0.357900 -0.202877 0.402465 -0.112485 -0.111044 0.332135 -0.275587 -0.220214 0.359328 0.040424 -0.162210 -0.028136 -0.038157 0.095553 0.131431 -0.117534 -0.144124 0.099970 0.086240 -0.058537 -0.015341 -0.009992 0.025017 
-0.097608 -0.090958 0.202071 0.168524 -0.075574 -0.149118 -0.137676 0.165605 0.130420 -0.083499 -0.085768 -0.086770 0.344958 -0.017286 -0.550799 0.301504 0.276487 -0.265545 0.111499 -0.006828 -0.159024 0.064384 0.004281 0.035492 0.125070 -0.011212 -0.195882 -0.074836 0.134158 0.076110 0.042211 -0.018716 -0.121507 
0.047082 0.033880 -0.009507 -0.091337 -0.132090 0.007659 0.211034 0.220019 -0.239726 -0.283198 0.132923 0.184236 0.060306 -0.251657 0.035361 0.322576 -0.358475 -0.040637 0.340482 -0.292548 -0.000910 0.269835 -0.101176 -0.085076 -0.059610 -0.018560 0.117715 0.078535 -0.054478 -0.040700 0.013482 -0.106772 
0.080131 0.024462 -0.176136 -0.090069 0.171782 0.172756 -0.096279 -0.256481 -0.010844 0.314970 0.089794 -0.279716 -0.192175 0.192843 0.373094 -0.228186 -0.442833 0.333268 0.239802 -0.237381 -0.001087 -0.019414 -0.011111 0.123123 -0.086573 -0.046743 0.124251 -0.008898 -0.115555 0.016284 0.046318 
-0.030422 -0.013817 -0.009229 0.057270 0.123205 -0.035255 -0.185648 -0.103856 0.250600 0.160586 -0.277438 -0.080215 0.187651 0.112074 -0.159385 -0.241487 0.282849 0.158895 -0.294622 0.108214 0.097883 -0.248006 0.041524 0.197462 -0.017129 -0.098955 -0.011042 0.041892 -0.009057 -0.083982 
-0.067059 0.029506 0.123808 0.017001 -0.158573 -0.151683 0.213634 0.217122 -0.129466 -0.301106 0.022154 0.415669 -0.039072 -0.373663 -0.076570 0.305610 0.367526 -0.384137 -0.419356 0.322528 0.187568 -0.020259 -0.023821 -0.113866 -0.012254 -0.023303 -0.013351 0.122315 0.138532 
-0.018560 0.012411 0.017506 0.013040 -0.041367 -0.047048 0.137027 -0.002743 -0.181766 0.032426 0.205396 -0.008493 -0.289304 0.048232 0.313602 -0.067734 -0.273257 -0.019376 0.302104 0.022612 -0.269044 0.095221 0.060045 -0.144671 0.085494 0.176977 -0.067928 -0.270030 
0.056017 -0.000970 -0.115001 -0.017970 0.110063 0.071242 -0.113712 -0.134360 0.161700 0.198080 -0.235087 -0.279019 0.253495 0.369461 -0.124917 -0.426117 -0.119149 0.396739 0.287902 -0.255386 -0.243224 0.075125 0.081946 -0.020410 0.009030 0.136292 0.017600 
0.040685 -0.014393 -0.039399 -0.018341 0.013043 0.070043 -0.071616 -0.015104 0.099011 -0.065346 -0.100147 0.130303 0.179490 -0.272618 -0.266551 0.354450 0.340853 -0.213227 -0.447253 0.030580 0.390461 0.028889 -0.094940 0.009845 -0.103102 -0.201851 
-0.049062 -0.051339 0.125832 0.068615 -0.087309 -0.027872 -0.002490 0.071987 -0.099223 -0.110950 0.299060 0.109385 -0.324924 -0.215044 0.238141 0.322033 -0.139420 -0.269679 -0.011967 0.203617 0.092340 -0.177267 -0.073093 0.116538 0.148162 
-0.024174 0.010819 0.066881 -0.037766 -0.060693 0.008555 0.023603 0.082579 -0.042520 -0.038327 0.058985 -0.203319 -0.021552 0.418466 0.099374 -0.462813 -0.338525 0.362684 0.487543 -0.159670 -0.386986 0.004359 0.128011 -0.055580 
0.048329 0.054301 -0.110761 -0.108907 0.092471 0.080599 -0.032286 -0.050123 0.038348 0.060627 -0.132235 -0.077471 0.237798 0.061365 -0.297986 -0.014706 0.277387 0.034692 -0.197589 -0.164290 0.115565 0.232219 0.035558 
0.007083 -0.017758 -0.066469 0.080546 0.100542 -0.076675 -0.045068 -0.058425 0.030008 0.076405 -0.035031 0.131455 -0.009002 -0.328452 -0.039048 0.393552 0.182417 -0.345380 -0.250442 0.201717 0.249002 -0.169162 
-0.045969 -0.028861 0.084359 0.115271 -0.106982 -0.148257 0.125211 0.066944 -0.028360 -0.053964 -0.032755 0.104730 -0.109131 0.008524 0.257160 -0.173158 -0.276552 0.136323 0.262783 0.011489 -0.154155 
-0.010347 0.031408 0.043552 -0.072941 -0.097093 0.079754 0.111616 -0.055944 -0.045870 -0.003810 0.010885 0.023774 -0.077259 0.084569 0.095687 -0.199787 0.007123 0.174612 -0.053621 -0.157089 
0.037840 0.027460 -0.079781 -0.102083 0.105827 0.144871 -0.119408 -0.103531 0.057944 0.069408 -0.003270 -0.064254 0.050536 0.009247 -0.137181 0.073850 0.202021 -0.152699 -0.175448 
0.016211 -0.029713 -0.037399 0.052479 0.095548 -0.077224 -0.146038 0.125163 0.069596 -0.043671 -0.026931 -0.105024 0.122511 0.095300 -0.110985 -0.032442 -0.045779 0.024934 
-0.032273 -0.040332 0.083876 0.084235 -0.071842 -0.105343 0.040536 0.126947 -0.098495 -0.064507 0.137572 -0.004216 -0.067422 -0.076909 0.062373 0.111840 -0.109810 
-0.010725 0.018086 0.054903 -0.063367 -0.113787 0.099342 0.129879 -0.077932 -0.099838 0.007535 0.064195 0.062007 -0.039326 -0.128492 0.048194 0.169320 
0.033458 0.028761 -0.066673 -0.065296 0.029958 0.098406 -0.017808 -0.118976 0.114033 0.053559 -0.165661 -0.019150 0.101260 0.121131 -0.067972 
0.006358 -0.021992 -0.061610 0.089826 0.109872 -0.097737 -0.108226 0.000006 0.121644 0.020171 -0.054384 0.012410 -0.072350 0.081592 
-0.032161 -0.001992 0.039496 0.049880 -0.027054 -0.109633 0.066997 0.096490 -0.080568 -0.091022 0.076570 0.133132 -0.106424 
-0.014056 0.037670 0.040657 -0.083287 -0.066130 0.051488 0.099308 -0.002454 -0.095634 0.025531 -0.004594 -0.039309 
0.022784 0.000346 -0.036856 -0.043871 0.061034 0.086199 -0.085687 -0.085646 0.023756 0.159684 -0.012096 
0.021727 -0.034509 -0.017553 0.037260 0.026655 -0.013015 -0.077120 0.070308 0.021181 -0.090410 
-0.014943 -0.026105 0.059154 0.042127 -0.075779 -0.030563 0.022081 0.082775 0.005248 
-0.013026 0.005090 0.018450 0.001258 -0.033169 0.026623 0.036011 -0.100210 
0.019577 0.037787 -0.070436 -0.029630 0.038203 -0.011285 0.056175 
-0.007899 0.020383 -0.033235 0.004737 0.070611 -0.068009 
-0.034276 -0.008004 0.049266 -0.000981 0.022313 
0.020965 -0.009967 0.030572 -0.040895 
0.046575 -0.038757 -0.019567 
-0.015142 -0.035584 
-0.044158 
