46 
A_bd 
Moments geometrique centres, normes : 
0.500000 0.000000 0.034670 -0.003489 0.004628 -0.000919 0.000823 -0.000222 0.000172 -0.000055 0.000040 -0.000014 0.000010 -0.000004 0.000002 -0.000001 0.000001 -0.000000 0.000000 -0.000000 0.000000 -0.000000 0.000000 -0.000000 0.000000 -0.000000 0.000000 -0.000000 0.000000 -0.000000 0.000000 -0.000000 0.000000 -0.000000 0.000000 -0.000000 0.000000 -0.000000 0.000000 -0.000000 0.000000 -0.000000 0.000000 -0.000000 0.000000 -0.000000 
-0.000000 -0.016406 0.004904 -0.002488 0.001069 -0.000500 0.000240 -0.000114 0.000057 -0.000028 0.000014 -0.000007 0.000004 -0.000002 0.000001 -0.000001 0.000000 -0.000000 0.000000 -0.000000 0.000000 -0.000000 0.000000 -0.000000 0.000000 -0.000000 0.000000 -0.000000 0.000000 -0.000000 0.000000 -0.000000 0.000000 -0.000000 0.000000 -0.000000 0.000000 -0.000000 0.000000 -0.000000 0.000000 -0.000000 0.000000 -0.000000 0.000000 
0.036471 -0.001412 0.003145 -0.000816 0.000522 -0.000208 0.000111 -0.000051 0.000026 -0.000013 0.000007 -0.000003 0.000002 -0.000001 0.000000 -0.000000 0.000000 -0.000000 0.000000 -0.000000 0.000000 -0.000000 0.000000 -0.000000 0.000000 -0.000000 0.000000 -0.000000 0.000000 -0.000000 0.000000 -0.000000 0.000000 -0.000000 0.000000 -0.000000 0.000000 -0.000000 0.000000 -0.000000 0.000000 -0.000000 0.000000 -0.000000 
-0.000998 -0.003125 0.000815 -0.000487 0.000204 -0.000103 0.000049 -0.000024 0.000012 -0.000006 0.000003 -0.000002 0.000001 -0.000000 0.000000 -0.000000 0.000000 -0.000000 0.000000 -0.000000 0.000000 -0.000000 0.000000 -0.000000 0.000000 -0.000000 0.000000 -0.000000 0.000000 -0.000000 0.000000 -0.000000 0.000000 -0.000000 0.000000 -0.000000 0.000000 -0.000000 0.000000 -0.000000 0.000000 -0.000000 0.000000 
0.006102 -0.000343 0.000584 -0.000176 0.000106 -0.000045 0.000024 -0.000011 0.000006 -0.000003 0.000002 -0.000001 0.000000 -0.000000 0.000000 -0.000000 0.000000 -0.000000 0.000000 -0.000000 0.000000 -0.000000 0.000000 -0.000000 0.000000 -0.000000 0.000000 -0.000000 0.000000 -0.000000 0.000000 -0.000000 0.000000 -0.000000 0.000000 -0.000000 0.000000 -0.000000 0.000000 -0.000000 0.000000 -0.000000 
-0.000391 -0.000685 0.000163 -0.000107 0.000044 -0.000023 0.000011 -0.000006 0.000003 -0.000001 0.000001 -0.000000 0.000000 -0.000000 0.000000 -0.000000 0.000000 -0.000000 0.000000 -0.000000 0.000000 -0.000000 0.000000 -0.000000 0.000000 -0.000000 0.000000 -0.000000 0.000000 -0.000000 0.000000 -0.000000 0.000000 -0.000000 0.000000 -0.000000 0.000000 -0.000000 0.000000 -0.000000 0.000000 
0.001283 -0.000075 0.000127 -0.000040 0.000024 -0.000011 0.000005 -0.000003 0.000001 -0.000001 0.000000 -0.000000 0.000000 -0.000000 0.000000 -0.000000 0.000000 -0.000000 0.000000 -0.000000 0.000000 -0.000000 0.000000 -0.000000 0.000000 -0.000000 0.000000 -0.000000 0.000000 -0.000000 0.000000 -0.000000 0.000000 -0.000000 0.000000 -0.000000 0.000000 -0.000000 0.000000 -0.000000 
-0.000131 -0.000163 0.000036 -0.000025 0.000010 -0.000005 0.000003 -0.000001 0.000001 -0.000000 0.000000 -0.000000 0.000000 -0.000000 0.000000 -0.000000 0.000000 -0.000000 0.000000 -0.000000 0.000000 -0.000000 0.000000 -0.000000 0.000000 -0.000000 0.000000 -0.000000 0.000000 -0.000000 0.000000 -0.000000 0.000000 -0.000000 0.000000 -0.000000 0.000000 -0.000000 0.000000 
0.000304 -0.000016 0.000030 -0.000010 0.000006 -0.000003 0.000001 -0.000001 0.000000 -0.000000 0.000000 -0.000000 0.000000 -0.000000 0.000000 -0.000000 0.000000 -0.000000 0.000000 -0.000000 0.000000 -0.000000 0.000000 -0.000000 0.000000 -0.000000 0.000000 -0.000000 0.000000 -0.000000 0.000000 -0.000000 0.000000 -0.000000 0.000000 -0.000000 0.000000 -0.000000 
-0.000042 -0.000041 0.000008 -0.000006 0.000003 -0.000001 0.000001 -0.000000 0.000000 -0.000000 0.000000 -0.000000 0.000000 -0.000000 0.000000 -0.000000 0.000000 -0.000000 0.000000 -0.000000 0.000000 -0.000000 0.000000 -0.000000 0.000000 -0.000000 0.000000 -0.000000 0.000000 -0.000000 0.000000 -0.000000 0.000000 -0.000000 0.000000 -0.000000 0.000000 
0.000077 -0.000003 0.000008 -0.000002 0.000001 -0.000001 0.000000 -0.000000 0.000000 -0.000000 0.000000 -0.000000 0.000000 -0.000000 0.000000 -0.000000 0.000000 -0.000000 0.000000 -0.000000 0.000000 -0.000000 0.000000 -0.000000 0.000000 -0.000000 0.000000 -0.000000 0.000000 -0.000000 0.000000 -0.000000 0.000000 -0.000000 0.000000 -0.000000 
-0.000013 -0.000011 0.000002 -0.000002 0.000001 -0.000000 0.000000 -0.000000 0.000000 -0.000000 0.000000 -0.000000 0.000000 -0.000000 0.000000 -0.000000 0.000000 -0.000000 0.000000 -0.000000 0.000000 -0.000000 0.000000 -0.000000 0.000000 -0.000000 0.000000 -0.000000 0.000000 -0.000000 0.000000 -0.000000 0.000000 -0.000000 0.000000 
0.000021 -0.000000 0.000002 -0.000001 0.000000 -0.000000 0.000000 -0.000000 0.000000 -0.000000 0.000000 -0.000000 0.000000 -0.000000 0.000000 -0.000000 0.000000 -0.000000 0.000000 -0.000000 0.000000 -0.000000 0.000000 -0.000000 0.000000 -0.000000 0.000000 -0.000000 0.000000 -0.000000 0.000000 -0.000000 0.000000 -0.000000 
-0.000004 -0.000003 0.000000 -0.000000 0.000000 -0.000000 0.000000 -0.000000 0.000000 -0.000000 0.000000 -0.000000 0.000000 -0.000000 0.000000 -0.000000 0.000000 -0.000000 0.000000 -0.000000 0.000000 -0.000000 0.000000 -0.000000 0.000000 -0.000000 0.000000 -0.000000 0.000000 -0.000000 0.000000 -0.000000 0.000000 
0.000006 -0.000000 0.000001 -0.000000 0.000000 -0.000000 0.000000 -0.000000 0.000000 -0.000000 0.000000 -0.000000 0.000000 -0.000000 0.000000 -0.000000 0.000000 -0.000000 0.000000 -0.000000 0.000000 -0.000000 0.000000 -0.000000 0.000000 -0.000000 0.000000 -0.000000 0.000000 -0.000000 0.000000 -0.000000 
-0.000001 -0.000001 0.000000 -0.000000 0.000000 -0.000000 0.000000 -0.000000 0.000000 -0.000000 0.000000 -0.000000 0.000000 -0.000000 0.000000 -0.000000 0.000000 -0.000000 0.000000 -0.000000 0.000000 -0.000000 0.000000 -0.000000 0.000000 -0.000000 0.000000 -0.000000 0.000000 -0.000000 0.000000 
0.000002 0.000000 0.000000 -0.000000 0.000000 -0.000000 0.000000 -0.000000 0.000000 -0.000000 0.000000 -0.000000 0.000000 -0.000000 0.000000 -0.000000 0.000000 -0.000000 0.000000 -0.000000 0.000000 -0.000000 0.000000 -0.000000 0.000000 -0.000000 0.000000 -0.000000 0.000000 -0.000000 
-0.000000 -0.000000 0.000000 -0.000000 0.000000 -0.000000 0.000000 -0.000000 0.000000 -0.000000 0.000000 -0.000000 0.000000 -0.000000 0.000000 -0.000000 0.000000 -0.000000 0.000000 -0.000000 0.000000 -0.000000 0.000000 -0.000000 0.000000 -0.000000 0.000000 -0.000000 0.000000 
0.000000 0.000000 0.000000 -0.000000 0.000000 -0.000000 0.000000 -0.000000 0.000000 -0.000000 0.000000 -0.000000 0.000000 -0.000000 0.000000 -0.000000 0.000000 -0.000000 0.000000 -0.000000 0.000000 -0.000000 0.000000 -0.000000 0.000000 -0.000000 0.000000 -0.000000 
-0.000000 -0.000000 0.000000 -0.000000 0.000000 -0.000000 0.000000 -0.000000 0.000000 -0.000000 0.000000 -0.000000 0.000000 -0.000000 0.000000 -0.000000 0.000000 -0.000000 0.000000 -0.000000 0.000000 -0.000000 0.000000 -0.000000 0.000000 -0.000000 0.000000 
0.000000 0.000000 0.000000 -0.000000 0.000000 -0.000000 0.000000 -0.000000 0.000000 -0.000000 0.000000 -0.000000 0.000000 -0.000000 0.000000 -0.000000 0.000000 -0.000000 0.000000 -0.000000 0.000000 -0.000000 0.000000 -0.000000 0.000000 -0.000000 
-0.000000 -0.000000 0.000000 -0.000000 0.000000 -0.000000 0.000000 -0.000000 0.000000 -0.000000 0.000000 -0.000000 0.000000 -0.000000 0.000000 -0.000000 0.000000 -0.000000 0.000000 -0.000000 0.000000 -0.000000 0.000000 -0.000000 0.000000 
0.000000 0.000000 0.000000 -0.000000 0.000000 -0.000000 0.000000 -0.000000 0.000000 -0.000000 0.000000 -0.000000 0.000000 -0.000000 0.000000 -0.000000 0.000000 -0.000000 0.000000 -0.000000 0.000000 -0.000000 0.000000 -0.000000 
-0.000000 -0.000000 0.000000 -0.000000 0.000000 -0.000000 0.000000 -0.000000 0.000000 -0.000000 0.000000 -0.000000 0.000000 -0.000000 0.000000 -0.000000 0.000000 -0.000000 0.000000 -0.000000 0.000000 -0.000000 0.000000 
0.000000 0.000000 0.000000 -0.000000 0.000000 -0.000000 0.000000 -0.000000 0.000000 -0.000000 0.000000 -0.000000 0.000000 -0.000000 0.000000 -0.000000 0.000000 -0.000000 0.000000 -0.000000 0.000000 -0.000000 
-0.000000 -0.000000 0.000000 -0.000000 0.000000 -0.000000 0.000000 -0.000000 0.000000 -0.000000 0.000000 -0.000000 0.000000 -0.000000 0.000000 -0.000000 0.000000 -0.000000 0.000000 -0.000000 0.000000 
0.000000 0.000000 0.000000 -0.000000 0.000000 -0.000000 0.000000 -0.000000 0.000000 -0.000000 0.000000 -0.000000 0.000000 -0.000000 0.000000 -0.000000 0.000000 -0.000000 0.000000 -0.000000 
-0.000000 -0.000000 0.000000 -0.000000 0.000000 -0.000000 0.000000 -0.000000 0.000000 -0.000000 0.000000 -0.000000 0.000000 -0.000000 0.000000 -0.000000 0.000000 -0.000000 0.000000 
0.000000 0.000000 0.000000 -0.000000 0.000000 -0.000000 0.000000 -0.000000 0.000000 -0.000000 0.000000 -0.000000 0.000000 -0.000000 0.000000 -0.000000 0.000000 -0.000000 
-0.000000 -0.000000 -0.000000 -0.000000 0.000000 -0.000000 0.000000 -0.000000 0.000000 -0.000000 0.000000 -0.000000 0.000000 -0.000000 0.000000 -0.000000 0.000000 
0.000000 0.000000 0.000000 -0.000000 0.000000 -0.000000 0.000000 -0.000000 0.000000 -0.000000 0.000000 -0.000000 0.000000 -0.000000 0.000000 -0.000000 
-0.000000 -0.000000 -0.000000 -0.000000 0.000000 -0.000000 0.000000 -0.000000 0.000000 -0.000000 0.000000 -0.000000 0.000000 -0.000000 0.000000 
0.000000 0.000000 0.000000 -0.000000 0.000000 -0.000000 0.000000 -0.000000 0.000000 -0.000000 0.000000 -0.000000 0.000000 -0.000000 
-0.000000 -0.000000 -0.000000 -0.000000 0.000000 -0.000000 0.000000 -0.000000 0.000000 -0.000000 0.000000 -0.000000 0.000000 
0.000000 0.000000 0.000000 -0.000000 0.000000 -0.000000 0.000000 -0.000000 0.000000 -0.000000 0.000000 -0.000000 
-0.000000 -0.000000 -0.000000 -0.000000 0.000000 -0.000000 0.000000 -0.000000 0.000000 -0.000000 0.000000 
0.000000 0.000000 0.000000 -0.000000 0.000000 -0.000000 0.000000 -0.000000 0.000000 -0.000000 
-0.000000 -0.000000 -0.000000 -0.000000 0.000000 -0.000000 0.000000 -0.000000 0.000000 
0.000000 0.000000 0.000000 -0.000000 0.000000 -0.000000 0.000000 -0.000000 
-0.000000 -0.000000 -0.000000 -0.000000 0.000000 -0.000000 0.000000 
0.000000 0.000000 0.000000 -0.000000 0.000000 -0.000000 
-0.000000 -0.000000 -0.000000 -0.000000 0.000000 
0.000000 0.000000 0.000000 -0.000000 
-0.000000 -0.000000 -0.000000 
0.000000 0.000000 
-0.000000 
Moments de Legendre : 
<<<<<<< HEAD
0.125000 0.000000 -0.312500 -0.000000 0.308115 0.025183 -0.166116 -0.087903 -0.011879 0.159449 0.128004 -0.189081 -0.152062 0.149031 0.120125 -0.059072 -0.081689 -0.032338 0.054957 0.087758 -0.028741 -0.101570 -0.005775 0.088495 0.036734 -0.061997 -0.045110 0.028738 0.028031 0.001670 -0.002191 -0.013203 -0.014095 -0.003342 0.016015 0.036347 -0.008057 -0.059819 -0.008768 0.057125 0.037594 -0.035547 -0.073000 0.014151 0.095276 0.000371 
=======
0.125000 0.000000 -0.312500 0.000000 0.308115 0.025183 -0.166116 -0.087903 -0.011879 0.159449 0.128004 -0.189081 -0.152062 0.149031 0.120125 -0.059072 -0.081689 -0.032338 0.054957 0.087758 -0.028741 -0.101570 -0.005775 0.088495 0.036734 -0.061997 -0.045110 0.028738 0.028031 0.001670 -0.002191 -0.013203 -0.014095 -0.003342 0.016015 0.036347 -0.008057 -0.059819 -0.008768 0.057125 0.037594 -0.035547 -0.073000 0.014151 0.095276 0.000371 
>>>>>>> 7efe53d7493c9781d621bffc426380c0baefac6f
0.000000 0.000000 0.000000 0.000000 0.000000 0.000000 0.000000 0.000000 0.000000 0.000000 0.000000 0.000000 0.000000 0.000000 0.000000 0.000000 0.000000 0.000000 0.000000 0.000000 0.000000 0.000000 0.000000 0.000000 0.000000 0.000000 0.000000 0.000000 0.000000 0.000000 0.000000 0.000000 0.000000 0.000000 0.000000 0.000000 0.000000 0.000000 0.000000 0.000000 0.000000 0.000000 0.000000 0.000000 0.000000 
-0.312500 0.000000 0.781250 0.000000 -0.770287 -0.062957 0.415291 0.219757 0.029697 -0.398623 -0.320010 0.472702 0.380155 -0.372577 -0.300313 0.147679 0.204222 0.080845 -0.137393 -0.219396 0.071852 0.253924 0.014436 -0.221238 -0.091836 0.154993 0.112775 -0.071846 -0.070077 -0.004174 0.005477 0.033007 0.035237 0.008356 -0.040037 -0.090867 0.020143 0.149547 0.021920 -0.142812 -0.093985 0.088869 0.182500 -0.035377 
0.000000 0.000000 -0.000000 -0.139564 0.093873 0.248318 -0.244191 -0.224812 0.322768 0.101952 -0.249987 0.003030 0.076188 -0.013506 0.071285 -0.038703 -0.110791 0.066468 0.067405 -0.030550 -0.019640 -0.024637 0.006620 0.033188 -0.001864 0.014003 -0.030272 -0.065411 0.076602 0.074498 -0.088290 -0.049775 0.043571 0.032252 0.021991 -0.036942 -0.055295 0.036215 0.044275 -0.003980 -0.022865 -0.040746 0.020267 
0.302203 0.000000 -0.755508 -0.027036 0.771438 0.076120 -0.460362 -0.144209 0.022612 0.210323 0.313450 -0.238783 -0.425370 0.199165 0.342204 -0.088253 -0.182166 -0.061698 0.050595 0.195006 0.018282 -0.259467 -0.047184 0.234233 0.065430 -0.142913 -0.076644 0.042131 0.066178 0.010810 -0.028172 0.007616 -0.019700 -0.074434 0.045912 0.139581 -0.026882 -0.162894 -0.037783 0.138715 0.124885 -0.088973 
0.007206 0.000000 -0.018015 0.221513 -0.135965 -0.396905 0.399406 0.362452 -0.566769 -0.159606 0.495318 -0.032695 -0.240173 0.082954 -0.010544 -0.017960 0.115832 -0.041085 -0.086050 0.024901 0.023311 0.022088 0.007478 -0.017022 -0.026767 -0.054850 0.074356 0.128529 -0.132617 -0.142699 0.139616 0.107003 -0.069271 -0.074647 -0.028677 0.066277 0.080858 -0.048095 -0.068645 -0.009924 0.036340 
-0.167645 0.000000 0.419112 0.067134 -0.476785 -0.070401 0.364593 -0.057414 -0.111266 0.235603 -0.173024 -0.313285 0.333295 0.229452 -0.282201 -0.078155 0.082235 0.007015 0.100164 -0.063089 -0.139238 0.154808 0.053454 -0.164320 0.034761 0.078152 -0.034563 0.007091 -0.029214 0.000548 0.065673 -0.089633 -0.032138 0.168466 -0.020968 -0.170403 0.018313 0.115184 0.048856 -0.065532 
-0.020857 0.000000 0.052143 -0.134542 0.055148 0.249626 -0.278808 -0.239672 0.489432 0.100575 -0.558699 0.080744 0.455914 -0.201828 -0.258231 0.217735 0.079968 -0.154598 0.008657 0.067876 -0.009454 0.005043 -0.033565 -0.057946 0.078530 0.097842 -0.105420 -0.126097 0.109361 0.137322 -0.090182 -0.128274 0.052404 0.100974 -0.008921 -0.058551 -0.023144 0.004559 0.032909 
0.038826 0.000000 -0.097065 -0.076995 0.162868 0.041087 -0.203998 0.208155 0.141285 -0.539364 0.019213 0.698436 -0.155809 -0.556806 0.146148 0.235403 -0.004266 0.021252 -0.122028 -0.077364 0.101815 0.000741 0.042556 0.056459 -0.163348 -0.034344 0.145964 0.003006 -0.021291 -0.044460 -0.084901 0.138412 0.094452 -0.186668 -0.045016 0.133534 0.019050 -0.029894 
0.026460 0.000000 -0.066150 -0.052405 0.072214 0.073933 -0.007426 -0.036109 -0.168278 0.009973 0.406656 -0.088864 -0.567243 0.266506 0.530390 -0.415724 -0.317657 0.405108 0.083694 -0.231864 0.023074 0.025607 0.011154 0.080401 -0.078941 -0.069579 0.081460 0.029696 -0.026503 -0.036979 -0.005717 0.075704 -0.027300 -0.076930 0.080903 0.014747 -0.086942 
-0.010564 0.000000 0.026411 0.031211 -0.041986 0.016550 0.054525 -0.208077 -0.052852 0.465142 0.039850 -0.615741 -0.032511 0.542154 0.037717 -0.284690 -0.033570 0.005002 -0.014278 0.148647 0.111564 -0.145092 -0.213891 0.059178 0.254284 0.019618 -0.198324 -0.058328 0.074185 0.073807 0.050590 -0.081111 -0.120383 0.067318 0.121937 -0.016294 
-0.012923 0.000000 0.032306 0.169266 -0.112523 -0.279016 0.186942 0.209937 -0.109678 -0.057010 -0.149945 0.021039 0.430979 -0.184355 -0.518218 0.415654 0.351488 -0.506259 -0.080391 0.383711 -0.090974 -0.171501 0.095588 0.044576 -0.030178 -0.053805 0.011740 0.107450 -0.044450 -0.104295 0.043568 0.047267 0.034914 -0.013713 -0.129484 
0.068812 0.000000 -0.172030 0.043698 0.109560 -0.086891 0.040257 0.117134 -0.111048 -0.158581 0.015567 0.224003 0.156280 -0.267809 -0.226766 0.214073 0.109109 -0.045578 0.114300 -0.148250 -0.285703 0.236401 0.322586 -0.169546 -0.264660 0.030309 0.190380 0.048637 -0.122174 -0.012685 0.031606 -0.077217 0.081208 0.129640 
-0.009927 0.000000 0.024817 -0.124230 0.030259 0.208156 -0.118757 -0.155062 0.143797 0.013179 -0.054148 0.072333 -0.092833 0.000783 0.177797 -0.196437 -0.127900 0.377690 -0.021345 -0.431477 0.165902 0.356674 -0.225374 -0.241899 0.195339 0.173086 -0.122760 -0.167402 0.049394 0.184042 0.012890 -0.179268 -0.063408 
-0.129729 0.000000 0.324322 -0.085153 -0.216332 0.123255 -0.065579 -0.051586 0.236262 -0.056630 -0.122065 0.079674 -0.165366 0.003551 0.349915 -0.080794 -0.268069 0.033804 0.008738 0.121947 0.209582 -0.250313 -0.263708 0.246254 0.207829 -0.149553 -0.156906 0.090754 0.139929 -0.138469 -0.096239 0.229282 
0.018985 0.000000 -0.047464 -0.009058 0.074056 0.011748 -0.074171 -0.013396 0.004445 0.041816 0.120268 -0.100007 -0.218006 0.129122 0.220340 -0.049277 -0.153198 -0.145901 0.115644 0.348606 -0.169351 -0.417819 0.261879 0.314633 -0.277020 -0.148377 0.162457 0.073303 0.006757 -0.136976 -0.101346 
0.136770 0.000000 -0.341924 0.051955 0.252913 -0.079742 0.024938 0.040308 -0.241254 0.038874 0.200958 -0.091975 0.065795 0.085714 -0.343474 -0.051989 0.429091 0.049917 -0.293391 -0.103583 0.068702 0.183464 0.093426 -0.244251 -0.141188 0.268905 0.120167 -0.270806 -0.089568 0.262860 
-0.003772 0.000000 0.009430 0.081884 -0.082306 -0.129623 0.162415 0.092089 -0.118725 -0.032338 -0.078640 0.041000 0.296267 -0.108347 -0.365700 0.119565 0.260967 0.006173 -0.121116 -0.195652 0.090345 0.276976 -0.159436 -0.164940 0.189678 -0.031672 -0.087218 0.112938 -0.077738 
-0.106956 0.000000 0.267390 0.030903 -0.234510 -0.031388 0.052544 -0.020320 0.151344 0.068757 -0.217488 -0.041139 0.066310 -0.060896 0.225950 0.151659 -0.465846 -0.154808 0.486925 0.094567 -0.285791 -0.073707 0.024072 0.155567 0.113714 -0.282690 -0.076109 0.329435 
-0.021709 0.000000 0.054273 -0.028134 -0.012445 0.038418 -0.061192 -0.011544 0.073059 -0.022479 0.018507 0.022898 -0.150490 0.006252 0.215826 -0.016761 -0.171059 -0.020377 0.073181 0.064787 -0.009350 -0.039855 0.002886 -0.076489 -0.000929 0.205239 -0.048019 
0.089070 0.000000 -0.222675 -0.089694 0.225094 0.125881 -0.109647 -0.043436 -0.068633 -0.069146 0.186158 0.069546 -0.123147 0.067129 -0.117456 -0.208892 0.372349 0.213010 -0.438641 -0.090842 0.261543 -0.003599 0.001432 -0.046559 -0.123274 0.179609 
0.036395 0.000000 -0.090988 -0.082232 0.113557 0.142031 -0.103921 -0.120797 0.056662 0.048825 0.003401 -0.004682 -0.029707 0.027052 0.000266 -0.074704 0.050775 0.074499 -0.061182 0.000683 0.004751 -0.108777 0.080144 0.185780 -0.132795 
-0.098360 0.000000 0.245901 0.071155 -0.232408 -0.116348 0.095699 0.089870 0.068527 -0.040790 -0.137943 0.053276 0.049018 -0.141765 0.142514 0.224011 -0.290013 -0.209217 0.270454 0.103177 -0.095004 -0.007053 -0.090286 0.005020 
-0.036124 0.000000 0.090310 0.135690 -0.138975 -0.226171 0.162457 0.169313 -0.111460 -0.020158 0.000403 -0.080962 0.080870 0.062555 -0.057249 0.012120 -0.041419 -0.032505 0.103702 -0.029663 -0.056222 0.099099 -0.056935 
0.106193 0.000000 -0.265482 0.004726 0.209030 0.004706 -0.016913 -0.041813 -0.129846 0.100059 0.092515 -0.158941 0.103216 0.199274 -0.297562 -0.210325 0.341423 0.188120 -0.215504 -0.137369 0.025676 0.078206 
0.033336 0.000000 -0.083340 -0.095510 0.099722 0.158684 -0.083794 -0.110846 0.037565 -0.021190 0.008643 0.141159 -0.010270 -0.179148 -0.045686 0.146157 0.115013 -0.098827 -0.131099 0.067486 0.071961 
-0.085625 0.000000 0.214063 -0.065176 -0.135574 0.108171 -0.060478 -0.075371 0.169048 -0.017430 -0.055675 0.112864 -0.213458 -0.171422 0.438671 0.194055 -0.471453 -0.193667 0.327715 0.167754 
-0.035091 0.000000 0.087728 0.020372 -0.057667 -0.035174 -0.020958 0.019057 0.068976 0.040580 -0.032504 -0.128580 -0.065515 0.203511 0.148168 -0.224271 -0.155197 0.182651 0.090629 
0.047834 0.000000 -0.119585 0.058880 0.059360 -0.120650 0.074047 0.143235 -0.136678 -0.106086 0.029270 0.014994 0.207048 0.100060 -0.426655 -0.191885 0.503818 0.214137 
0.031716 0.000000 -0.079289 0.017853 0.038881 -0.033916 0.048344 0.044073 -0.088738 -0.062851 0.030236 0.099238 0.082057 -0.135153 -0.151106 0.141771 0.121274 
-0.025652 0.000000 0.064131 -0.004626 -0.036807 0.033893 -0.030559 -0.086295 0.068301 0.112233 -0.016012 -0.056457 -0.122873 -0.073228 0.276243 0.190795 
-0.013182 0.000000 0.032955 -0.008105 -0.019324 0.032258 -0.008823 -0.075779 0.012674 0.118463 0.026412 -0.124465 -0.083562 0.074997 0.110447 
0.031438 0.000000 -0.078596 -0.037489 0.062469 0.057374 -0.005653 -0.036592 -0.036971 0.011193 0.017772 -0.034843 0.058901 0.108848 
-0.010085 0.000000 0.025213 -0.011673 -0.014550 -0.009767 -0.019925 0.084626 0.065377 -0.166988 -0.105202 0.177782 0.125537 
-0.044469 0.000000 0.111172 0.036230 -0.079780 -0.076119 -0.009795 0.103140 0.067581 -0.120074 -0.034111 0.135050 
0.014606 0.000000 -0.036516 0.016784 0.031070 -0.007723 0.005052 -0.050578 -0.068027 0.127778 0.136506 
0.039509 0.000000 -0.098772 -0.018011 0.053256 0.043227 0.053143 -0.070844 -0.114162 0.097505 
0.005610 0.000000 -0.014026 -0.022299 0.000273 0.041201 0.012572 -0.036215 0.015762 
-0.016119 0.000000 0.040297 0.023320 -0.003229 -0.032644 -0.073573 0.012579 
-0.025697 0.000000 0.064243 0.048579 -0.049703 -0.100726 0.007331 
-0.006540 0.000000 0.016350 -0.049049 -0.035294 0.064722 
0.016288 0.000000 -0.040721 -0.082394 0.049018 
0.016241 0.000000 -0.040603 0.051810 
0.019722 0.000000 -0.049304 
-0.018055 0.000000 
-0.047267 
