46 
B_bd 
Moments geometrique centres, normes : 
1.000000 -0.000000 0.163695 0.001341 0.052453 0.002253 0.021010 0.001754 0.009380 0.001164 0.004470 0.000736 0.002228 0.000458 0.001148 0.000284 0.000608 0.000176 0.000329 0.000109 0.000181 0.000068 0.000102 0.000042 0.000058 0.000026 0.000033 0.000016 0.000019 0.000010 0.000011 0.000006 0.000007 0.000004 0.000004 0.000002 0.000002 0.000002 0.000001 0.000001 0.000001 0.000001 0.000001 0.000000 0.000000 0.000000 
-0.000000 -0.078993 0.000254 -0.031459 -0.000454 -0.013322 -0.000461 -0.006016 -0.000359 -0.002861 -0.000256 -0.001416 -0.000175 -0.000723 -0.000116 -0.000379 -0.000076 -0.000203 -0.000049 -0.000111 -0.000032 -0.000061 -0.000020 -0.000034 -0.000013 -0.000020 -0.000008 -0.000011 -0.000005 -0.000007 -0.000003 -0.000004 -0.000002 -0.000002 -0.000001 -0.000001 -0.000001 -0.000001 -0.000000 -0.000000 -0.000000 -0.000000 -0.000000 -0.000000 -0.000000 
0.202571 0.003082 0.031397 -0.000116 0.010561 -0.000117 0.004419 -0.000012 0.002028 0.000031 0.000981 0.000040 0.000492 0.000035 0.000254 0.000027 0.000134 0.000019 0.000072 0.000013 0.000039 0.000009 0.000022 0.000006 0.000012 0.000004 0.000007 0.000003 0.000004 0.000002 0.000002 0.000001 0.000001 0.000001 0.000001 0.000000 0.000000 0.000000 0.000000 0.000000 0.000000 0.000000 0.000000 0.000000 
0.000265 -0.024931 0.000804 -0.008497 0.000387 -0.003466 0.000176 -0.001546 0.000072 -0.000730 0.000025 -0.000358 0.000005 -0.000181 -0.000003 -0.000094 -0.000004 -0.000049 -0.000004 -0.000027 -0.000003 -0.000014 -0.000002 -0.000008 -0.000002 -0.000004 -0.000001 -0.000003 -0.000001 -0.000001 -0.000001 -0.000001 -0.000000 -0.000000 -0.000000 -0.000000 -0.000000 -0.000000 -0.000000 -0.000000 -0.000000 -0.000000 -0.000000 
0.073960 0.001494 0.009721 -0.000233 0.003121 -0.000216 0.001281 -0.000115 0.000581 -0.000054 0.000278 -0.000024 0.000137 -0.000009 0.000070 -0.000003 0.000036 -0.000001 0.000019 0.000000 0.000010 0.000001 0.000006 0.000001 0.000003 0.000000 0.000002 0.000000 0.000001 0.000000 0.000001 0.000000 0.000000 0.000000 0.000000 0.000000 0.000000 0.000000 0.000000 0.000000 0.000000 0.000000 
-0.001465 -0.009536 0.000298 -0.002850 0.000236 -0.001113 0.000132 -0.000487 0.000067 -0.000227 0.000033 -0.000110 0.000015 -0.000055 0.000007 -0.000028 0.000003 -0.000014 0.000001 -0.000008 0.000000 -0.000004 0.000000 -0.000002 -0.000000 -0.000001 -0.000000 -0.000001 -0.000000 -0.000000 -0.000000 -0.000000 -0.000000 -0.000000 -0.000000 -0.000000 -0.000000 -0.000000 -0.000000 -0.000000 -0.000000 
0.030823 0.000784 0.003535 -0.000126 0.001080 -0.000123 0.000434 -0.000070 0.000194 -0.000036 0.000092 -0.000018 0.000045 -0.000009 0.000022 -0.000004 0.000011 -0.000002 0.000006 -0.000001 0.000003 -0.000000 0.000002 -0.000000 0.000001 -0.000000 0.000000 -0.000000 0.000000 0.000000 0.000000 0.000000 0.000000 0.000000 0.000000 0.000000 0.000000 0.000000 0.000000 0.000000 
-0.001342 -0.003992 0.000089 -0.001068 0.000114 -0.000402 0.000069 -0.000173 0.000037 -0.000080 0.000019 -0.000038 0.000009 -0.000019 0.000005 -0.000009 0.000002 -0.000005 0.000001 -0.000002 0.000001 -0.000001 0.000000 -0.000001 0.000000 -0.000000 0.000000 -0.000000 0.000000 -0.000000 0.000000 -0.000000 0.000000 -0.000000 -0.000000 -0.000000 -0.000000 -0.000000 -0.000000 
0.013728 0.000424 0.001403 -0.000057 0.000410 -0.000061 0.000162 -0.000035 0.000072 -0.000019 0.000034 -0.000010 0.000016 -0.000005 0.000008 -0.000002 0.000004 -0.000001 0.000002 -0.000001 0.000001 -0.000000 0.000001 -0.000000 0.000000 -0.000000 0.000000 -0.000000 0.000000 -0.000000 0.000000 -0.000000 0.000000 -0.000000 0.000000 -0.000000 0.000000 -0.000000 
-0.000924 -0.001771 0.000018 -0.000429 0.000053 -0.000156 0.000033 -0.000067 0.000018 -0.000030 0.000009 -0.000014 0.000005 -0.000007 0.000002 -0.000004 0.000001 -0.000002 0.000001 -0.000001 0.000000 -0.000000 0.000000 -0.000000 0.000000 -0.000000 0.000000 -0.000000 0.000000 -0.000000 0.000000 -0.000000 0.000000 -0.000000 0.000000 -0.000000 0.000000 
0.006399 0.000232 0.000590 -0.000024 0.000165 -0.000029 0.000064 -0.000017 0.000028 -0.000009 0.000013 -0.000005 0.000006 -0.000002 0.000003 -0.000001 0.000002 -0.000001 0.000001 -0.000000 0.000000 -0.000000 0.000000 -0.000000 0.000000 -0.000000 0.000000 -0.000000 0.000000 -0.000000 0.000000 -0.000000 0.000000 -0.000000 0.000000 -0.000000 
-0.000578 -0.000820 -0.000003 -0.000181 0.000024 -0.000064 0.000016 -0.000027 0.000009 -0.000012 0.000004 -0.000006 0.000002 -0.000003 0.000001 -0.000001 0.000001 -0.000001 0.000000 -0.000000 0.000000 -0.000000 0.000000 -0.000000 0.000000 -0.000000 0.000000 -0.000000 0.000000 -0.000000 0.000000 -0.000000 0.000000 -0.000000 0.000000 
0.003088 0.000128 0.000259 -0.000010 0.000069 -0.000013 0.000027 -0.000008 0.000012 -0.000004 0.000005 -0.000002 0.000003 -0.000001 0.000001 -0.000001 0.000001 -0.000000 0.000000 -0.000000 0.000000 -0.000000 0.000000 -0.000000 0.000000 -0.000000 0.000000 -0.000000 0.000000 -0.000000 0.000000 -0.000000 0.000000 -0.000000 
-0.000347 -0.000393 -0.000007 -0.000079 0.000011 -0.000027 0.000007 -0.000011 0.000004 -0.000005 0.000002 -0.000002 0.000001 -0.000001 0.000001 -0.000001 0.000000 -0.000000 0.000000 -0.000000 0.000000 -0.000000 0.000000 -0.000000 0.000000 -0.000000 0.000000 -0.000000 0.000000 -0.000000 0.000000 -0.000000 0.000000 
0.001533 0.000071 0.000118 -0.000003 0.000030 -0.000006 0.000011 -0.000004 0.000005 -0.000002 0.000002 -0.000001 0.000001 -0.000001 0.000001 -0.000000 0.000000 -0.000000 0.000000 -0.000000 0.000000 -0.000000 0.000000 -0.000000 0.000000 -0.000000 0.000000 -0.000000 0.000000 -0.000000 0.000000 -0.000000 
-0.000203 -0.000194 -0.000006 -0.000036 0.000005 -0.000012 0.000003 -0.000005 0.000002 -0.000002 0.000001 -0.000001 0.000001 -0.000001 0.000000 -0.000000 0.000000 -0.000000 0.000000 -0.000000 0.000000 -0.000000 0.000000 -0.000000 0.000000 -0.000000 0.000000 -0.000000 0.000000 -0.000000 0.000000 
0.000778 0.000040 0.000055 -0.000001 0.000013 -0.000003 0.000005 -0.000002 0.000002 -0.000001 0.000001 -0.000000 0.000000 -0.000000 0.000000 -0.000000 0.000000 -0.000000 0.000000 -0.000000 0.000000 -0.000000 0.000000 -0.000000 0.000000 -0.000000 0.000000 -0.000000 0.000000 -0.000000 
-0.000117 -0.000098 -0.000005 -0.000016 0.000002 -0.000005 0.000002 -0.000002 0.000001 -0.000001 0.000000 -0.000000 0.000000 -0.000000 0.000000 -0.000000 0.000000 -0.000000 0.000000 -0.000000 0.000000 -0.000000 0.000000 -0.000000 0.000000 -0.000000 0.000000 -0.000000 0.000000 
0.000403 0.000022 0.000026 -0.000000 0.000006 -0.000001 0.000002 -0.000001 0.000001 -0.000000 0.000000 -0.000000 0.000000 -0.000000 0.000000 -0.000000 0.000000 -0.000000 0.000000 -0.000000 0.000000 -0.000000 0.000000 -0.000000 0.000000 -0.000000 0.000000 -0.000000 
-0.000067 -0.000050 -0.000003 -0.000008 0.000001 -0.000002 0.000001 -0.000001 0.000000 -0.000000 0.000000 -0.000000 0.000000 -0.000000 0.000000 -0.000000 0.000000 -0.000000 0.000000 -0.000000 0.000000 -0.000000 0.000000 -0.000000 0.000000 -0.000000 0.000000 
0.000212 0.000012 0.000013 0.000000 0.000003 -0.000001 0.000001 -0.000000 0.000000 -0.000000 0.000000 -0.000000 0.000000 -0.000000 0.000000 -0.000000 0.000000 -0.000000 0.000000 -0.000000 0.000000 -0.000000 0.000000 -0.000000 0.000000 -0.000000 
-0.000038 -0.000026 -0.000002 -0.000004 0.000000 -0.000001 0.000000 -0.000000 0.000000 -0.000000 0.000000 -0.000000 0.000000 -0.000000 0.000000 -0.000000 0.000000 -0.000000 0.000000 -0.000000 0.000000 -0.000000 0.000000 -0.000000 0.000000 
0.000113 0.000007 0.000006 0.000000 0.000001 -0.000000 0.000000 -0.000000 0.000000 -0.000000 0.000000 -0.000000 0.000000 -0.000000 0.000000 -0.000000 0.000000 -0.000000 0.000000 -0.000000 0.000000 -0.000000 0.000000 -0.000000 
-0.000022 -0.000014 -0.000001 -0.000002 0.000000 -0.000001 0.000000 -0.000000 0.000000 -0.000000 0.000000 -0.000000 0.000000 -0.000000 0.000000 -0.000000 0.000000 -0.000000 0.000000 -0.000000 0.000000 -0.000000 0.000000 
0.000061 0.000004 0.000003 0.000000 0.000001 -0.000000 0.000000 -0.000000 0.000000 -0.000000 0.000000 -0.000000 0.000000 -0.000000 0.000000 -0.000000 0.000000 -0.000000 0.000000 -0.000000 0.000000 -0.000000 
-0.000012 -0.000007 -0.000001 -0.000001 0.000000 -0.000000 0.000000 -0.000000 0.000000 -0.000000 0.000000 -0.000000 0.000000 -0.000000 0.000000 -0.000000 0.000000 -0.000000 0.000000 -0.000000 0.000000 
0.000033 0.000002 0.000002 0.000000 0.000000 -0.000000 0.000000 -0.000000 0.000000 -0.000000 0.000000 -0.000000 0.000000 -0.000000 0.000000 -0.000000 0.000000 -0.000000 0.000000 -0.000000 
-0.000007 -0.000004 -0.000000 -0.000000 0.000000 -0.000000 0.000000 -0.000000 0.000000 -0.000000 0.000000 -0.000000 0.000000 -0.000000 0.000000 -0.000000 0.000000 -0.000000 0.000000 
0.000018 0.000001 0.000001 0.000000 0.000000 -0.000000 0.000000 -0.000000 0.000000 -0.000000 0.000000 -0.000000 0.000000 -0.000000 0.000000 -0.000000 0.000000 -0.000000 
-0.000004 -0.000002 -0.000000 -0.000000 0.000000 -0.000000 0.000000 -0.000000 0.000000 -0.000000 0.000000 -0.000000 0.000000 -0.000000 0.000000 -0.000000 0.000000 
0.000010 0.000001 0.000000 0.000000 0.000000 -0.000000 0.000000 -0.000000 0.000000 -0.000000 0.000000 -0.000000 0.000000 -0.000000 0.000000 -0.000000 
-0.000002 -0.000001 -0.000000 -0.000000 -0.000000 -0.000000 0.000000 -0.000000 0.000000 -0.000000 0.000000 -0.000000 0.000000 -0.000000 0.000000 
0.000006 0.000000 0.000000 0.000000 0.000000 -0.000000 0.000000 -0.000000 0.000000 -0.000000 0.000000 -0.000000 0.000000 -0.000000 
-0.000001 -0.000001 -0.000000 -0.000000 -0.000000 -0.000000 0.000000 -0.000000 0.000000 -0.000000 0.000000 -0.000000 0.000000 
0.000003 0.000000 0.000000 0.000000 0.000000 -0.000000 0.000000 -0.000000 0.000000 -0.000000 0.000000 -0.000000 
-0.000001 -0.000000 -0.000000 -0.000000 -0.000000 -0.000000 0.000000 -0.000000 0.000000 -0.000000 0.000000 
0.000002 0.000000 0.000000 0.000000 0.000000 -0.000000 0.000000 -0.000000 0.000000 -0.000000 
-0.000000 -0.000000 -0.000000 -0.000000 -0.000000 -0.000000 0.000000 -0.000000 0.000000 
0.000001 0.000000 0.000000 0.000000 0.000000 -0.000000 0.000000 -0.000000 
-0.000000 -0.000000 -0.000000 -0.000000 -0.000000 -0.000000 0.000000 
0.000001 0.000000 0.000000 0.000000 0.000000 0.000000 
-0.000000 -0.000000 -0.000000 -0.000000 -0.000000 
0.000000 0.000000 0.000000 0.000000 
-0.000000 -0.000000 -0.000000 
0.000000 0.000000 
-0.000000 
Moments de Legendre : 
0.250000 0.000000 -0.625000 0.000000 0.306625 -0.009684 0.119111 -0.029845 -0.096582 0.121066 -0.036690 -0.135235 -0.083253 0.048505 0.181504 0.023492 -0.055964 -0.061501 -0.050830 0.091165 0.027745 -0.050275 -0.033720 -0.030734 0.069665 0.023152 -0.009437 0.032203 -0.079509 -0.027622 0.048721 0.018790 0.048923 -0.024285 -0.058106 -0.043156 0.004493 0.096592 -0.025812 -0.030775 0.052636 0.014599 0.071505 -0.103077 -0.170741 0.041275 
0.000000 0.000000 0.000000 0.000000 0.000000 0.000000 0.000000 0.000000 0.000000 0.000000 0.000000 0.000000 0.000000 0.000000 0.000000 0.000000 0.000000 0.000000 0.000000 0.000000 0.000000 0.000000 0.000000 0.000000 0.000000 0.000000 0.000000 0.000000 0.000000 0.000000 0.000000 0.000000 0.000000 0.000000 0.000000 0.000000 0.000000 0.000000 0.000000 0.000000 0.000000 0.000000 0.000000 0.000000 0.000000 
-0.625000 0.000000 1.562500 -0.000000 -0.766563 0.024209 -0.297777 0.074611 0.241455 -0.302666 0.091726 0.338087 0.208132 -0.121262 -0.453760 -0.058730 0.139911 0.153753 0.127074 -0.227913 -0.069361 0.125688 0.084299 0.076835 -0.174161 -0.057880 0.023593 -0.080508 0.198772 0.069054 -0.121802 -0.046976 -0.122307 0.060713 0.145264 0.107890 -0.011234 -0.241480 0.064531 0.076937 -0.131589 -0.036498 -0.178762 0.257692 
0.000000 0.000000 -0.000000 -0.671988 0.004855 0.375402 -0.059079 0.650497 0.088060 -0.714310 -0.036511 -0.078708 0.065675 0.333389 -0.165976 -0.073377 0.096710 0.147238 0.027457 -0.337756 0.060986 0.149863 -0.140427 0.018426 0.012515 0.172826 0.001641 -0.281040 0.159865 0.044824 -0.127208 0.108978 -0.018179 0.042483 0.003004 -0.081256 -0.067493 -0.164770 0.207498 0.188577 0.067117 0.117465 -0.461578 
0.179064 0.000000 -0.447660 0.058991 0.143700 -0.192900 0.348490 0.162173 -0.476251 0.193138 0.236838 -0.461464 0.012317 0.274397 -0.070678 0.052204 0.008257 -0.107702 0.004267 0.009404 0.067124 0.001313 -0.081290 0.025715 0.021337 -0.000677 -0.056199 -0.016552 0.161230 -0.013452 -0.131173 0.036388 0.011021 -0.020000 0.026244 0.010799 -0.059247 -0.037177 0.156309 0.023656 -0.147307 0.047927 
-0.001911 0.000000 0.004777 0.650293 0.057461 -0.064766 0.054648 -1.321724 -0.239190 1.334401 0.110362 -0.132418 0.077325 -0.459637 0.071697 0.296956 -0.227210 -0.294663 0.116377 0.335211 -0.028728 -0.057876 -0.000531 -0.121559 0.125669 -0.042229 -0.094075 0.164436 -0.108044 -0.050295 0.058163 -0.039776 0.134548 -0.049890 -0.136987 0.073832 0.210634 0.151910 -0.324237 -0.251755 -0.049155 
0.247055 0.000000 -0.617637 -0.078453 0.089613 0.172668 0.200034 -0.186101 0.356634 -0.024863 -0.450870 0.350999 -0.407238 -0.362063 0.826780 0.029733 -0.281517 0.095287 -0.135054 0.073879 0.040382 -0.029360 -0.110457 -0.163658 0.314081 0.033273 -0.057920 0.170620 -0.388795 -0.061661 0.323391 -0.004753 0.080005 -0.099081 -0.183470 -0.080076 0.102684 0.322340 -0.295876 -0.101257 
0.058099 0.000000 -0.145246 0.094808 -0.010640 -0.542836 0.003653 1.070287 0.199553 -1.010769 -0.018112 0.340762 -0.382780 0.350816 0.212365 -0.594192 0.365247 0.342211 -0.493185 0.030083 0.128010 -0.116048 0.138679 0.061431 -0.153776 -0.178570 0.128077 0.220328 -0.124753 0.026679 0.117522 -0.130908 -0.130167 -0.070688 0.182790 0.100946 -0.215404 0.050259 0.108846 
0.077354 0.000000 -0.193386 0.033279 0.872758 0.126460 -1.013206 -0.194672 0.153117 -0.027655 0.159505 0.015733 0.576984 0.292634 -0.935802 -0.242206 0.410917 -0.111544 0.096703 0.197011 -0.285206 -0.130594 0.450343 0.129583 -0.468375 0.035530 0.220161 -0.195062 0.051580 0.052622 -0.171153 -0.001760 0.099254 0.161178 0.068642 -0.010282 -0.111645 -0.242074 
-0.157995 0.000000 0.394988 -0.312537 -0.264792 0.176911 -0.022917 0.155092 0.188468 0.031884 -0.273210 -0.243476 0.358154 -0.179022 -0.160349 0.528011 -0.397929 -0.136472 0.706413 -0.259116 -0.427034 0.024889 0.127153 0.228885 -0.135779 -0.024047 0.020580 -0.135885 0.226612 -0.046377 -0.114018 0.089872 -0.128713 0.177951 0.022927 -0.213016 0.032862 
-0.452306 0.000000 1.130765 -0.054914 -1.275690 -0.165977 0.865624 0.292785 -0.263359 0.059587 0.111703 -0.215208 -0.342821 -0.209107 0.442756 0.402596 -0.284732 -0.011399 -0.074537 -0.236621 0.502526 0.057768 -0.553142 0.089271 0.202914 -0.060308 -0.098925 0.019204 0.239335 0.019565 0.009084 -0.021751 -0.339738 -0.019921 0.090441 -0.012767 
0.171866 0.000000 -0.429664 -0.203724 0.428121 0.683602 0.007892 -0.788280 -0.476143 0.083530 0.307254 0.459684 0.125790 -0.239691 -0.178363 0.072367 0.169559 -0.300055 -0.364296 0.275307 0.365460 0.055651 -0.231438 -0.251335 0.271310 0.342232 -0.150024 -0.333945 -0.157592 0.081363 0.051037 0.087474 0.239423 0.010262 -0.090680 
0.167965 0.000000 -0.419912 0.120623 0.240593 -0.148681 0.011440 0.062940 -0.044057 -0.015252 0.045396 -0.002819 -0.074460 0.106252 -0.044221 -0.184990 0.107499 0.106291 0.172455 -0.086474 -0.431683 0.265847 0.211332 -0.275614 0.146987 -0.072017 -0.107171 0.280736 -0.096626 -0.085466 -0.006675 -0.027009 0.199563 -0.149655 
-0.093111 0.000000 0.232779 0.430435 -0.287751 -0.650377 0.037674 0.122313 0.228764 0.781124 0.041051 -1.066521 -0.381094 0.713820 0.140556 -0.498073 0.187368 0.440347 -0.120717 -0.208665 0.073186 0.058605 -0.132280 0.013121 -0.058030 -0.351179 0.219800 0.489117 -0.057014 -0.042301 -0.038482 -0.133154 -0.013012 
0.235375 0.000000 -0.588437 -0.082404 0.528971 0.232394 -0.126010 -0.131046 -0.095442 -0.230549 -0.185741 0.242831 0.323311 0.105247 0.027721 -0.165613 -0.142186 -0.047580 -0.145267 0.159285 0.091775 -0.278691 0.220548 0.253814 -0.150648 0.259675 -0.030047 -0.604571 -0.027097 0.164178 -0.058949 0.228993 
0.085676 0.000000 -0.214190 -0.079463 0.212513 -0.007695 -0.158331 0.403024 0.151743 -0.872076 -0.138267 0.984401 -0.039694 -0.643436 0.282922 0.200803 -0.289355 0.006213 0.096669 0.007958 -0.048263 0.003320 0.131377 -0.193231 0.009208 0.378502 -0.347345 -0.249814 0.430841 -0.070685 -0.119541 
-0.144646 0.000000 0.361615 0.006415 -0.087657 0.012837 -0.485012 -0.222784 0.601338 0.404914 -0.032312 -0.113662 -0.268524 -0.243982 -0.128767 0.069077 0.345860 0.131680 -0.126727 0.071655 0.161642 -0.085238 -0.275613 -0.061664 -0.047368 -0.364477 0.256471 0.792591 -0.070902 -0.276129 
-0.151542 0.000000 0.378854 -0.131623 -0.347531 0.156186 0.241307 0.044918 -0.050828 -0.136716 -0.299655 -0.156514 0.468493 0.302771 -0.274291 0.088969 0.052043 -0.333727 0.146566 0.090931 -0.443513 -0.146592 0.437946 0.601668 -0.107910 -0.534368 0.212687 -0.005173 -0.601173 
-0.102907 0.000000 0.257269 -0.038616 -0.360408 -0.075047 0.518656 0.291540 -0.541986 -0.250784 0.219769 -0.073230 0.064549 0.148664 0.115172 0.170943 -0.420426 -0.271475 0.377304 -0.054576 -0.135164 0.233885 -0.021128 -0.160854 0.100073 0.331815 -0.123665 -0.589874 
0.117395 0.000000 -0.293488 -0.052515 0.311478 0.129503 -0.139396 -0.388920 -0.294693 0.571996 0.625837 -0.142530 -0.292145 -0.414774 -0.257838 0.289343 0.184600 -0.003939 -0.014910 0.175415 0.435923 -0.126098 -0.524260 -0.340676 -0.179064 0.288633 0.333226 
0.076000 0.000000 -0.190000 0.092027 0.139852 -0.103415 0.008154 0.027231 -0.039217 0.065317 -0.064437 -0.125942 0.040027 0.021245 0.016047 0.154475 0.217038 -0.042818 -0.389436 -0.183187 0.050202 -0.001266 0.264311 0.299192 -0.038698 -0.148754 
-0.012227 0.000000 0.030567 0.185291 -0.078719 -0.218873 0.029462 0.154298 0.231153 -0.099982 -0.391905 -0.182423 0.074958 0.559894 0.318881 -0.538637 -0.176561 0.294138 -0.132463 -0.319890 0.062131 0.415292 -0.075332 -0.295881 0.463254 
0.068389 0.000000 -0.170973 -0.070600 0.104125 0.158440 -0.174676 -0.178433 0.305779 -0.064518 -0.144720 0.395882 0.026637 -0.147494 -0.189058 -0.507828 0.081901 0.448021 0.242810 0.185763 -0.071997 -0.127779 -0.237436 -0.281591 
0.009937 0.000000 -0.024843 -0.070081 0.060720 0.167795 -0.125802 -0.149509 0.144856 -0.019575 0.026368 0.127847 -0.317000 -0.099200 0.336548 0.060204 -0.005964 -0.004938 -0.119847 -0.058462 -0.188304 -0.059373 0.326802 
-0.106826 0.000000 0.267064 0.076347 -0.152847 -0.111161 0.082596 0.121999 -0.146373 -0.057338 0.098838 -0.160386 -0.091854 0.226626 0.257782 0.030456 -0.206117 -0.156626 -0.053744 0.015790 0.022324 -0.050723 
-0.046688 0.000000 0.116721 -0.077479 -0.171160 -0.116941 0.179889 0.314769 -0.163498 -0.167995 0.028601 0.088259 0.374561 -0.240102 -0.617399 0.197112 0.248467 -0.096686 0.107185 0.293368 0.083492 
0.057561 0.000000 -0.143904 -0.098048 0.206568 0.127943 -0.148078 -0.144143 -0.025733 0.268286 0.085569 -0.280698 0.027025 -0.055243 -0.101937 0.394576 0.074046 -0.244588 -0.095445 -0.148171 
-0.017645 0.000000 0.044112 0.107452 0.025617 -0.050637 0.058263 0.002063 -0.224686 -0.153118 0.104612 0.192888 0.066412 -0.101748 0.129084 0.218302 -0.440642 -0.301909 0.518655 
0.038822 0.000000 -0.097055 -0.010021 -0.056057 -0.069365 0.056794 0.103918 0.153371 -0.049729 -0.139192 0.162493 0.008414 -0.358417 -0.124437 0.328081 0.187910 -0.231706 
0.051916 0.000000 -0.129790 -0.024860 0.141852 0.117863 -0.229902 -0.257139 0.341289 0.306465 -0.201169 -0.219148 -0.095136 0.153051 0.057344 -0.195391 0.409484 
-0.098696 0.000000 0.246741 0.103354 -0.182387 -0.031310 0.177744 0.055668 -0.206855 -0.371797 -0.008089 0.304483 0.143027 0.436739 0.146597 -0.994655 
0.048108 0.000000 -0.120269 -0.086020 0.005536 0.058233 0.026171 -0.064981 0.020878 0.286197 0.218330 -0.453725 -0.538147 0.419400 0.449509 
0.022541 0.000000 -0.056354 0.050206 0.042077 -0.088330 -0.056907 0.002484 0.021949 0.178445 0.179040 -0.213200 -0.271788 0.011369 
-0.074024 0.000000 0.185060 0.085636 -0.099595 -0.048919 0.124743 0.116621 -0.188901 -0.455535 -0.175957 0.583309 0.653857 
0.066767 0.000000 -0.166918 -0.202303 0.137850 0.216033 -0.108101 -0.182487 0.151630 0.362082 -0.176140 -0.313940 
-0.047647 0.000000 0.119118 0.031575 -0.092588 -0.221062 0.091846 0.340676 -0.184198 -0.194083 0.171388 
-0.024509 0.000000 0.061271 0.017960 0.124361 0.017235 -0.186058 0.042676 -0.008020 -0.249018 
0.051389 0.000000 -0.128471 -0.124396 0.083318 0.230611 -0.194898 -0.252775 0.423262 
-0.031326 0.000000 0.078315 0.232440 -0.299367 -0.286936 0.382164 0.193385 
0.093188 0.000000 -0.232971 0.148020 0.184276 -0.036154 -0.043931 
0.024515 0.000000 -0.061288 -0.170923 0.081092 0.191069 
-0.097854 0.000000 0.244636 -0.107537 -0.109961 
-0.046393 0.000000 0.115983 0.000717 
0.011472 0.000000 -0.028680 
0.004432 0.000000 
-0.107364 
