40 
C_bd 
Moments geometrique centres, normes : 
0.500000 -0.000000 0.041359 0.003849 0.006711 0.001398 0.001419 0.000440 0.000348 0.000136 0.000094 0.000042 0.000027 0.000013 0.000008 0.000004 0.000003 0.000001 0.000001 0.000000 0.000000 0.000000 0.000000 0.000000 0.000000 0.000000 0.000000 0.000000 0.000000 0.000000 0.000000 0.000000 0.000000 0.000000 0.000000 0.000000 0.000000 0.000000 0.000000 0.000000 0.000000 
-0.000000 -0.018686 -0.001465 -0.002961 -0.000604 -0.000639 -0.000206 -0.000165 -0.000068 -0.000047 -0.000023 -0.000015 -0.000008 -0.000005 -0.000003 -0.000002 -0.000001 -0.000001 -0.000000 -0.000000 -0.000000 -0.000000 -0.000000 -0.000000 -0.000000 -0.000000 -0.000000 -0.000000 -0.000000 -0.000000 -0.000000 -0.000000 -0.000000 -0.000000 -0.000000 -0.000000 -0.000000 -0.000000 -0.000000 -0.000000 
0.056543 0.008289 0.005685 0.001751 0.001087 0.000441 0.000260 0.000121 0.000070 0.000035 0.000020 0.000011 0.000006 0.000003 0.000002 0.000001 0.000001 0.000000 0.000000 0.000000 0.000000 0.000000 0.000000 0.000000 0.000000 0.000000 0.000000 0.000000 0.000000 0.000000 0.000000 0.000000 0.000000 0.000000 0.000000 0.000000 0.000000 0.000000 0.000000 
-0.005296 -0.005050 -0.001471 -0.000929 -0.000375 -0.000220 -0.000103 -0.000059 -0.000030 -0.000017 -0.000009 -0.000005 -0.000003 -0.000002 -0.000001 -0.000001 -0.000000 -0.000000 -0.000000 -0.000000 -0.000000 -0.000000 -0.000000 -0.000000 -0.000000 -0.000000 -0.000000 -0.000000 -0.000000 -0.000000 -0.000000 -0.000000 -0.000000 -0.000000 -0.000000 -0.000000 -0.000000 -0.000000 
0.010742 0.002490 0.001340 0.000524 0.000282 0.000131 0.000071 0.000036 0.000020 0.000010 0.000006 0.000003 0.000002 0.000001 0.000001 0.000000 0.000000 0.000000 0.000000 0.000000 0.000000 0.000000 0.000000 0.000000 0.000000 0.000000 0.000000 0.000000 0.000000 0.000000 0.000000 0.000000 0.000000 0.000000 0.000000 0.000000 0.000000 
-0.002364 -0.001483 -0.000555 -0.000295 -0.000135 -0.000072 -0.000036 -0.000020 -0.000010 -0.000006 -0.000003 -0.000002 -0.000001 -0.000001 -0.000000 -0.000000 -0.000000 -0.000000 -0.000000 -0.000000 -0.000000 -0.000000 -0.000000 -0.000000 -0.000000 -0.000000 -0.000000 -0.000000 -0.000000 -0.000000 -0.000000 -0.000000 -0.000000 -0.000000 -0.000000 -0.000000 
0.002552 0.000766 0.000381 0.000165 0.000085 0.000041 0.000022 0.000011 0.000006 0.000003 0.000002 0.000001 0.000001 0.000000 0.000000 0.000000 0.000000 0.000000 0.000000 0.000000 0.000000 0.000000 0.000000 0.000000 0.000000 0.000000 0.000000 0.000000 0.000000 0.000000 0.000000 0.000000 0.000000 0.000000 0.000000 
-0.000859 -0.000457 -0.000189 -0.000095 -0.000045 -0.000024 -0.000012 -0.000006 -0.000003 -0.000002 -0.000001 -0.000001 -0.000000 -0.000000 -0.000000 -0.000000 -0.000000 -0.000000 -0.000000 -0.000000 -0.000000 -0.000000 -0.000000 -0.000000 -0.000000 -0.000000 -0.000000 -0.000000 -0.000000 -0.000000 -0.000000 -0.000000 -0.000000 -0.000000 
0.000697 0.000246 0.000118 0.000054 0.000027 0.000014 0.000007 0.000004 0.000002 0.000001 0.000001 0.000000 0.000000 0.000000 0.000000 0.000000 0.000000 0.000000 0.000000 0.000000 0.000000 0.000000 0.000000 0.000000 0.000000 0.000000 0.000000 0.000000 0.000000 0.000000 0.000000 0.000000 0.000000 
-0.000297 -0.000146 -0.000064 -0.000031 -0.000015 -0.000008 -0.000004 -0.000002 -0.000001 -0.000001 -0.000000 -0.000000 -0.000000 -0.000000 -0.000000 -0.000000 -0.000000 -0.000000 -0.000000 -0.000000 -0.000000 -0.000000 -0.000000 -0.000000 -0.000000 -0.000000 -0.000000 -0.000000 -0.000000 -0.000000 -0.000000 -0.000000 
0.000208 0.000081 0.000039 0.000018 0.000009 0.000005 0.000002 0.000001 0.000001 0.000000 0.000000 0.000000 0.000000 0.000000 0.000000 0.000000 0.000000 0.000000 0.000000 0.000000 0.000000 0.000000 0.000000 0.000000 0.000000 0.000000 0.000000 0.000000 0.000000 0.000000 0.000000 
-0.000102 -0.000048 -0.000022 -0.000011 -0.000005 -0.000003 -0.000001 -0.000001 -0.000000 -0.000000 -0.000000 -0.000000 -0.000000 -0.000000 -0.000000 -0.000000 -0.000000 -0.000000 -0.000000 -0.000000 -0.000000 -0.000000 -0.000000 -0.000000 -0.000000 -0.000000 -0.000000 -0.000000 -0.000000 -0.000000 
0.000066 0.000027 0.000013 0.000006 0.000003 0.000002 0.000001 0.000000 0.000000 0.000000 0.000000 0.000000 0.000000 0.000000 0.000000 0.000000 0.000000 0.000000 0.000000 0.000000 0.000000 0.000000 0.000000 0.000000 0.000000 0.000000 0.000000 0.000000 0.000000 
-0.000035 -0.000016 -0.000007 -0.000004 -0.000002 -0.000001 -0.000000 -0.000000 -0.000000 -0.000000 -0.000000 -0.000000 -0.000000 -0.000000 -0.000000 -0.000000 -0.000000 -0.000000 -0.000000 -0.000000 -0.000000 -0.000000 -0.000000 -0.000000 -0.000000 -0.000000 -0.000000 -0.000000 
0.000022 0.000009 0.000004 0.000002 0.000001 0.000001 0.000000 0.000000 0.000000 0.000000 0.000000 0.000000 0.000000 0.000000 0.000000 0.000000 0.000000 0.000000 0.000000 0.000000 0.000000 0.000000 0.000000 0.000000 0.000000 0.000000 0.000000 
-0.000012 -0.000006 -0.000003 -0.000001 -0.000001 -0.000000 -0.000000 -0.000000 -0.000000 -0.000000 -0.000000 -0.000000 -0.000000 -0.000000 -0.000000 -0.000000 -0.000000 -0.000000 -0.000000 -0.000000 -0.000000 -0.000000 -0.000000 -0.000000 -0.000000 -0.000000 
0.000007 0.000003 0.000002 0.000001 0.000000 0.000000 0.000000 0.000000 0.000000 0.000000 0.000000 0.000000 0.000000 0.000000 0.000000 0.000000 0.000000 0.000000 0.000000 0.000000 0.000000 0.000000 0.000000 0.000000 0.000000 
-0.000004 -0.000002 -0.000001 -0.000000 -0.000000 -0.000000 -0.000000 -0.000000 -0.000000 -0.000000 -0.000000 -0.000000 -0.000000 -0.000000 -0.000000 -0.000000 -0.000000 -0.000000 -0.000000 -0.000000 -0.000000 -0.000000 -0.000000 -0.000000 
0.000003 0.000001 0.000001 0.000000 0.000000 0.000000 0.000000 0.000000 0.000000 0.000000 0.000000 0.000000 0.000000 0.000000 0.000000 0.000000 0.000000 0.000000 0.000000 0.000000 0.000000 0.000000 0.000000 
-0.000002 -0.000001 -0.000000 -0.000000 -0.000000 -0.000000 -0.000000 -0.000000 -0.000000 -0.000000 -0.000000 -0.000000 -0.000000 -0.000000 -0.000000 -0.000000 -0.000000 -0.000000 -0.000000 -0.000000 -0.000000 -0.000000 
0.000001 0.000000 0.000000 0.000000 0.000000 0.000000 0.000000 0.000000 0.000000 0.000000 0.000000 0.000000 0.000000 0.000000 0.000000 0.000000 0.000000 0.000000 0.000000 0.000000 0.000000 
-0.000001 -0.000000 -0.000000 -0.000000 -0.000000 -0.000000 -0.000000 -0.000000 -0.000000 -0.000000 -0.000000 -0.000000 -0.000000 -0.000000 -0.000000 -0.000000 -0.000000 -0.000000 -0.000000 -0.000000 
0.000000 0.000000 0.000000 0.000000 0.000000 0.000000 0.000000 0.000000 0.000000 0.000000 0.000000 0.000000 0.000000 0.000000 0.000000 0.000000 0.000000 0.000000 0.000000 
-0.000000 -0.000000 -0.000000 -0.000000 -0.000000 -0.000000 -0.000000 -0.000000 -0.000000 -0.000000 -0.000000 -0.000000 -0.000000 -0.000000 -0.000000 -0.000000 -0.000000 -0.000000 
0.000000 0.000000 0.000000 0.000000 0.000000 0.000000 0.000000 0.000000 0.000000 0.000000 0.000000 0.000000 0.000000 0.000000 0.000000 0.000000 0.000000 
-0.000000 -0.000000 -0.000000 -0.000000 -0.000000 -0.000000 -0.000000 -0.000000 -0.000000 -0.000000 -0.000000 -0.000000 -0.000000 -0.000000 -0.000000 -0.000000 
0.000000 0.000000 0.000000 0.000000 0.000000 0.000000 0.000000 0.000000 0.000000 0.000000 0.000000 0.000000 0.000000 0.000000 0.000000 
-0.000000 -0.000000 -0.000000 -0.000000 -0.000000 -0.000000 -0.000000 -0.000000 -0.000000 -0.000000 -0.000000 -0.000000 -0.000000 -0.000000 
0.000000 0.000000 0.000000 0.000000 0.000000 0.000000 0.000000 0.000000 0.000000 0.000000 0.000000 0.000000 0.000000 
-0.000000 -0.000000 -0.000000 -0.000000 -0.000000 -0.000000 -0.000000 -0.000000 -0.000000 -0.000000 -0.000000 -0.000000 
0.000000 0.000000 0.000000 0.000000 0.000000 0.000000 0.000000 0.000000 0.000000 0.000000 0.000000 
-0.000000 -0.000000 -0.000000 -0.000000 -0.000000 -0.000000 -0.000000 -0.000000 -0.000000 -0.000000 
0.000000 0.000000 0.000000 0.000000 0.000000 0.000000 0.000000 0.000000 0.000000 
-0.000000 -0.000000 -0.000000 -0.000000 -0.000000 -0.000000 -0.000000 -0.000000 
0.000000 0.000000 0.000000 0.000000 0.000000 0.000000 0.000000 
-0.000000 -0.000000 -0.000000 -0.000000 -0.000000 -0.000000 
0.000000 0.000000 0.000000 0.000000 0.000000 
-0.000000 -0.000000 -0.000000 -0.000000 
0.000000 0.000000 0.000000 
-0.000000 -0.000000 
0.000000 
Moments de Legendre : 
0.125000 -0.000000 -0.234952 0.016839 0.138977 -0.062345 0.011444 0.101376 -0.096554 -0.084439 0.089658 0.011951 -0.045333 0.055829 0.019267 -0.062118 -0.017199 0.015454 0.015291 0.023604 -0.003978 -0.012304 -0.004484 -0.031445 0.001930 0.057478 0.001698 -0.041329 0.005212 0.003900 -0.017059 0.020239 0.018046 -0.020499 -0.004423 0.012743 -0.009065 -0.013600 0.006754 0.021764 0.009083 
-0.000000 -0.042044 -0.008243 0.108287 0.019247 -0.116781 -0.006822 0.065593 -0.030030 -0.005961 0.055505 -0.022659 -0.039812 0.024466 -0.000461 -0.020695 0.021171 0.015892 -0.005123 -0.003557 -0.019369 -0.009209 0.017766 0.004182 0.007957 0.019902 -0.026756 -0.038394 0.019759 0.028935 0.000684 0.000090 -0.012187 -0.019130 0.008466 0.011315 0.001217 0.012725 -0.008244 -0.031753 
-0.206482 0.046628 0.402280 -0.147856 -0.269098 0.232088 0.019789 -0.239428 0.160927 0.147088 -0.193757 -0.001863 0.126442 -0.103527 -0.052873 0.106586 0.023203 -0.032337 -0.024990 -0.031409 0.026044 0.019872 -0.014465 0.049425 -0.001597 -0.103017 0.014769 0.090118 -0.025337 -0.028133 0.031684 -0.026732 -0.027191 0.041605 0.011861 -0.031359 0.000556 0.027143 0.003713 
-0.023168 0.080867 0.038503 -0.218117 0.006997 0.260931 -0.095772 -0.184482 0.172165 0.057393 -0.169579 0.044299 0.081739 -0.090956 0.016069 0.086107 -0.040302 -0.041973 -0.010979 -0.014341 0.060968 0.037241 -0.046050 0.000570 -0.016827 -0.067811 0.062672 0.096654 -0.057209 -0.055771 0.022652 -0.013394 0.003998 0.044231 -0.010626 -0.016408 0.003799 -0.034212 
0.050532 -0.136281 -0.125458 0.365668 0.137490 -0.433033 -0.062327 0.304143 -0.075321 -0.108806 0.174868 -0.021185 -0.159003 0.059862 0.063856 -0.053413 0.002653 0.036693 0.014215 -0.014529 -0.063587 -0.002722 0.065850 -0.007776 -0.010646 0.045278 -0.043969 -0.072729 0.051797 0.058641 -0.026532 -0.016676 0.009369 -0.014096 -0.016100 0.018526 0.029733 
0.076224 -0.020835 -0.071827 0.084889 -0.159189 -0.171767 0.395587 0.210583 -0.436393 -0.131544 0.269039 -0.039111 -0.055128 0.175074 -0.043494 -0.166723 0.004948 0.036880 0.073191 0.078828 -0.096569 -0.071401 0.053415 -0.034415 0.010804 0.118857 -0.059005 -0.099934 0.084798 0.010554 -0.088927 0.054175 0.065582 -0.044468 -0.021670 -0.005165 
0.130608 0.160255 -0.241020 -0.427404 0.147944 0.501717 -0.043403 -0.354090 0.039817 0.148632 -0.096067 -0.032464 0.104409 0.006266 -0.041329 0.009766 -0.012120 -0.045441 -0.010813 0.059114 0.074276 -0.021830 -0.092303 -0.030118 0.038949 0.040837 0.028821 -0.002517 -0.049943 -0.045092 0.027007 0.067209 -0.005768 -0.061978 0.011218 
-0.093329 -0.073746 0.041757 0.155039 0.333942 -0.082546 -0.657254 -0.058005 0.632021 0.069061 -0.321097 0.088672 0.030405 -0.231611 0.036380 0.180192 0.057726 0.016426 -0.132544 -0.141983 0.110000 0.073858 -0.044506 0.084565 -0.003881 -0.144952 0.045271 0.053258 -0.104677 0.074018 0.153956 -0.107329 -0.142264 0.044827 
-0.181916 -0.080874 0.393643 0.239821 -0.374034 -0.345508 0.249154 0.342292 -0.120210 -0.251125 0.050187 0.137580 -0.034375 -0.052027 0.028819 -0.002010 -0.009474 0.042430 -0.003854 -0.064719 -0.016112 0.041920 0.057687 0.028191 -0.076981 -0.094542 0.050447 0.092233 -0.003941 -0.011450 -0.019666 -0.087041 0.009820 
0.013581 0.077855 0.088020 -0.202265 -0.360326 0.237179 0.569580 -0.207477 -0.526647 0.207689 0.287354 -0.246794 -0.069354 0.227525 0.014080 -0.090541 -0.075685 -0.076178 0.125300 0.121725 -0.102415 -0.012115 0.038788 -0.121955 0.022822 0.130872 -0.078342 -0.008095 0.131913 -0.118191 -0.162079 0.137436 
0.106178 -0.008926 -0.262754 -0.007696 0.320386 0.091190 -0.285635 -0.187919 0.189222 0.211271 -0.113273 -0.149740 0.097611 0.070432 -0.088961 -0.023700 0.022481 -0.005635 0.071615 0.038689 -0.093342 -0.044108 0.005212 -0.015624 0.109294 0.102138 -0.143443 -0.121884 0.089426 0.039899 -0.027586 
0.116195 0.022047 -0.238287 -0.004903 0.210123 -0.149695 -0.155136 0.375263 0.134223 -0.495661 -0.125198 0.407012 0.085351 -0.180796 -0.029993 -0.014509 0.015588 0.068449 -0.054042 0.001089 0.082692 -0.099006 -0.036616 0.140342 -0.070115 -0.096768 0.157823 -0.002181 -0.168609 0.092510 
-0.005963 0.014191 0.004241 -0.044427 0.005127 0.070805 0.024829 -0.078377 -0.122607 0.054142 0.245831 0.001521 -0.292159 -0.060119 0.189537 0.077944 0.015044 -0.041685 -0.174855 -0.004774 0.172308 0.001896 -0.028231 0.051667 -0.127688 -0.089055 0.188903 0.056301 -0.156527 
-0.172038 -0.111456 0.265661 0.224123 -0.016856 -0.060277 -0.235791 -0.287952 0.266111 0.499582 -0.132454 -0.398853 0.036985 0.132569 -0.054582 0.028329 0.081740 0.016063 -0.027374 -0.144544 -0.046821 0.203466 0.020432 -0.162545 0.109577 0.084406 -0.216140 -0.017837 
-0.050452 0.033324 0.186055 -0.034604 -0.322078 -0.101808 0.287334 0.282585 -0.012749 -0.323205 -0.309737 0.176659 0.405307 0.010560 -0.207005 -0.082310 -0.084854 0.049905 0.224571 -0.039936 -0.150141 0.103157 -0.017325 -0.147986 0.141525 0.078367 -0.183138 
0.095143 0.099872 -0.117702 -0.233543 -0.100531 0.179808 0.337122 0.034464 -0.412712 -0.210230 0.331207 0.208423 -0.223513 -0.090258 0.173825 0.022665 -0.147836 -0.084396 0.085792 0.199789 -0.011107 -0.248816 0.006100 0.198873 -0.095007 -0.112442 
0.068850 -0.028654 -0.221087 0.023827 0.345535 0.108116 -0.300710 -0.275891 0.047902 0.316001 0.218998 -0.201827 -0.268330 0.064730 0.087847 -0.007118 0.116270 -0.021777 -0.157956 0.116246 0.043991 -0.239037 0.093982 0.242575 -0.165336 
0.036631 -0.025077 -0.094653 0.082302 0.148124 -0.129760 -0.223460 0.123646 0.293492 -0.058835 -0.307098 -0.010066 0.255952 0.029460 -0.190299 -0.019850 0.151420 0.050884 -0.118983 -0.140157 0.058709 0.217790 -0.000362 -0.214721 
-0.068135 -0.053105 0.131282 0.139368 -0.083509 -0.156508 -0.001124 0.101073 0.053970 -0.047467 -0.043712 0.059244 -0.008155 -0.110824 0.053416 0.105836 -0.056341 0.018966 0.011231 -0.209691 0.065757 0.324986 -0.147539 
-0.100834 -0.020614 0.204150 0.039008 -0.172341 -0.008180 0.112999 -0.042200 -0.080918 0.060647 0.069829 -0.049301 -0.065217 0.048214 0.080011 -0.058826 -0.112560 0.033850 0.110873 0.046127 -0.032443 -0.131250 
0.041890 0.122187 0.000772 -0.273226 -0.189222 0.183807 0.282625 0.067543 -0.149811 -0.204139 -0.075102 0.099463 0.165029 0.083963 -0.066781 -0.109787 -0.076120 -0.058875 0.134821 0.250284 -0.135844 
0.064934 0.016676 -0.151354 -0.064483 0.151810 0.124041 -0.063233 -0.146304 -0.078938 0.090716 0.175059 0.016783 -0.146435 -0.095763 0.024633 0.092296 0.069105 -0.032306 -0.043431 -0.019827 
0.007896 -0.097996 -0.093830 0.208731 0.241909 -0.106658 -0.272683 -0.129759 0.109848 0.253003 0.090784 -0.156068 -0.120675 -0.013152 -0.035480 0.052181 0.202651 0.059155 -0.241891 
0.000782 -0.015826 0.022159 0.077171 -0.046270 -0.169249 -0.013959 0.203017 0.148997 -0.113404 -0.227694 -0.027684 0.157616 0.077127 -0.015032 0.000624 -0.042352 -0.089280 
-0.044212 0.010663 0.102012 -0.009207 -0.104129 -0.046571 0.054922 0.134349 0.025876 -0.179925 -0.077653 0.132521 0.036471 -0.025867 0.097832 -0.050608 -0.241520 
-0.024694 0.044352 0.061830 -0.121916 -0.090691 0.139997 0.124063 -0.063656 -0.135906 -0.052460 0.092662 0.097549 -0.010452 -0.015161 -0.043781 -0.124333 
0.034982 0.050638 -0.041156 -0.133221 -0.036708 0.162104 0.108565 -0.146997 -0.123976 0.125976 0.099318 -0.088550 -0.052298 0.001967 -0.035788 
0.006431 -0.063445 -0.058193 0.130955 0.141240 -0.052338 -0.151947 -0.115288 0.053349 0.197640 0.058444 -0.113695 -0.075462 -0.044201 
0.000388 -0.050788 -0.021926 0.137127 0.071054 -0.167812 -0.113437 0.133022 0.127259 -0.072252 -0.120721 0.015189 0.102271 
0.012898 0.038650 0.011784 -0.057143 -0.075656 -0.043041 0.062484 0.166753 0.038263 -0.157652 -0.094898 0.016918 
-0.015848 0.026621 0.032907 -0.075567 -0.039269 0.088322 0.059992 -0.032004 -0.084954 -0.060462 0.085564 
-0.011906 0.003615 0.014173 -0.029341 0.000412 0.076380 0.012397 -0.087351 -0.046751 0.011228 
0.001713 -0.013249 -0.005606 0.026533 0.018563 0.009107 -0.042620 -0.106230 0.050745 
-0.002177 -0.018673 0.006173 0.042962 -0.016873 -0.032274 0.036644 -0.013253 
0.008018 0.005007 -0.002111 0.009260 -0.028856 -0.073632 0.044511 
0.020009 0.009234 -0.053047 -0.011189 0.086713 -0.018356 
0.008095 0.006872 -0.033726 -0.037253 0.055712 
-0.034872 -0.010089 0.080833 0.019572 
-0.027245 -0.006034 0.072617 
0.031662 0.025466 
0.020775 
