46 
D_bd 
Moments geometrique centres, normes : 
1.000000 -0.000000 0.293428 0.078888 0.147381 0.081227 0.096255 0.071131 0.072418 0.060823 0.058731 0.052328 0.049688 0.045601 0.043158 0.040265 0.038168 0.035974 0.034207 0.032465 0.030976 0.029549 0.028285 0.027088 0.026004 0.024983 0.024044 0.023160 0.022339 0.021564 0.020839 0.020153 0.019506 0.018893 0.018313 0.017761 0.017236 0.016735 0.016257 0.015800 0.015362 0.014942 0.014539 0.014152 0.013779 0.013420 
0.000000 0.068729 0.034417 0.037819 0.031910 0.027840 0.026308 0.022730 0.021801 0.019324 0.018479 0.016790 0.016006 0.014811 0.014110 0.013224 0.012611 0.011925 0.011396 0.010845 0.010388 0.009934 0.009538 0.009154 0.008809 0.008479 0.008177 0.007889 0.007622 0.007367 0.007129 0.006903 0.006689 0.006485 0.006292 0.006107 0.005932 0.005764 0.005603 0.005449 0.005301 0.005159 0.005022 0.004890 0.004764 
0.269398 -0.017844 0.061099 0.006424 0.026378 0.009991 0.015462 0.009512 0.010898 0.008361 0.008534 0.007270 0.007092 0.006364 0.006106 0.005633 0.005378 0.005040 0.004811 0.004553 0.004354 0.004148 0.003976 0.003805 0.003656 0.003512 0.003382 0.003258 0.003143 0.003035 0.002933 0.002837 0.002747 0.002661 0.002580 0.002502 0.002428 0.002358 0.002291 0.002227 0.002165 0.002106 0.002050 0.001995 
-0.018185 0.037065 0.006344 0.013966 0.007563 0.007834 0.006225 0.005502 0.004962 0.004312 0.004035 0.003571 0.003373 0.003053 0.002891 0.002664 0.002528 0.002361 0.002246 0.002118 0.002020 0.001918 0.001835 0.001752 0.001680 0.001610 0.001548 0.001489 0.001434 0.001383 0.001335 0.001289 0.001247 0.001207 0.001169 0.001133 0.001098 0.001066 0.001035 0.001005 0.000977 0.000950 0.000924 
0.118958 -0.015743 0.024892 -0.000881 0.009501 0.001935 0.004887 0.002259 0.003102 0.002054 0.002257 0.001778 0.001786 0.001535 0.001487 0.001337 0.001278 0.001178 0.001122 0.001050 0.001001 0.000946 0.000903 0.000859 0.000823 0.000787 0.000755 0.000724 0.000697 0.000671 0.000647 0.000624 0.000603 0.000582 0.000564 0.000546 0.000529 0.000512 0.000497 0.000483 0.000469 0.000455 
-0.022866 0.022664 -0.001249 0.006970 0.001586 0.003106 0.001696 0.001836 0.001410 0.001298 0.001137 0.001012 0.000930 0.000834 0.000779 0.000709 0.000668 0.000616 0.000583 0.000544 0.000517 0.000487 0.000464 0.000440 0.000420 0.000401 0.000384 0.000368 0.000353 0.000339 0.000326 0.000314 0.000303 0.000293 0.000283 0.000274 0.000265 0.000257 0.000249 0.000241 0.000234 
0.062494 -0.012719 0.012803 -0.002144 0.004383 0.000098 0.001966 0.000549 0.001103 0.000577 0.000733 0.000513 0.000546 0.000441 0.000436 0.000379 0.000365 0.000330 0.000314 0.000290 0.000275 0.000258 0.000245 0.000232 0.000221 0.000210 0.000201 0.000192 0.000184 0.000176 0.000170 0.000163 0.000157 0.000151 0.000146 0.000141 0.000137 0.000132 0.000128 0.000124 
-0.021273 0.015037 -0.003206 0.004154 -0.000159 0.001546 0.000380 0.000757 0.000410 0.000466 0.000350 0.000334 0.000287 0.000261 0.000237 0.000215 0.000200 0.000183 0.000171 0.000159 0.000150 0.000140 0.000133 0.000125 0.000119 0.000113 0.000107 0.000102 0.000098 0.000094 0.000090 0.000086 0.000083 0.000080 0.000077 0.000074 0.000072 0.000069 0.000067 
0.036903 -0.010059 0.007644 -0.002138 0.002399 -0.000354 0.000945 0.000071 0.000461 0.000156 0.000273 0.000156 0.000188 0.000137 0.000143 0.000118 0.000115 0.000101 0.000097 0.000088 0.000083 0.000077 0.000073 0.000068 0.000065 0.000061 0.000059 0.000056 0.000053 0.000051 0.000049 0.000047 0.000045 0.000043 0.000041 0.000040 0.000038 0.000037 
-0.017932 0.010611 -0.003397 0.002789 -0.000640 0.000919 -0.000028 0.000378 0.000096 0.000197 0.000106 0.000125 0.000092 0.000090 0.000077 0.000071 0.000064 0.000059 0.000054 0.000050 0.000047 0.000043 0.000041 0.000038 0.000036 0.000034 0.000032 0.000031 0.000029 0.000028 0.000027 0.000025 0.000024 0.000023 0.000023 0.000022 0.000021 
0.023859 -0.007946 0.005084 -0.001855 0.001503 -0.000430 0.000531 -0.000064 0.000225 0.000027 0.000116 0.000045 0.000072 0.000044 0.000051 0.000038 0.000039 0.000033 0.000032 0.000028 0.000027 0.000024 0.000023 0.000021 0.000020 0.000019 0.000018 0.000017 0.000016 0.000015 0.000015 0.000014 0.000013 0.000013 0.000012 0.000012 
-0.014583 0.007848 -0.003063 0.002027 -0.000716 0.000622 -0.000147 0.000224 -0.000006 0.000098 0.000026 0.000053 0.000029 0.000035 0.000025 0.000025 0.000021 0.000020 0.000018 0.000017 0.000015 0.000014 0.000013 0.000012 0.000012 0.000011 0.000010 0.000010 0.000009 0.000009 0.000008 0.000008 0.000007 0.000007 0.000007 
0.016560 -0.006320 0.003653 -0.001548 0.001042 -0.000400 0.000341 -0.000095 0.000129 -0.000012 0.000057 0.000009 0.000031 0.000013 0.000020 0.000013 0.000014 0.000011 0.000011 0.000009 0.000009 0.000008 0.000008 0.000007 0.000007 0.000006 0.000006 0.000005 0.000005 0.000005 0.000005 0.000004 0.000004 0.000004 
-0.011739 0.006015 -0.002619 0.001551 -0.000664 0.000458 -0.000169 0.000152 -0.000036 0.000058 -0.000001 0.000027 0.000007 0.000015 0.000008 0.000010 0.000007 0.000007 0.000006 0.000006 0.000005 0.000005 0.000004 0.000004 0.000004 0.000004 0.000003 0.000003 0.000003 0.000003 0.000003 0.000003 0.000002 
0.012135 -0.005076 0.002770 -0.001280 0.000776 -0.000348 0.000242 -0.000094 0.000084 -0.000023 0.000033 -0.000002 0.000015 0.000003 0.000009 0.000004 0.000006 0.000004 0.000004 0.000003 0.000003 0.000003 0.000003 0.000002 0.000002 0.000002 0.000002 0.000002 0.000002 0.000002 0.000002 0.000001 
-0.009460 0.004736 -0.002198 0.001228 -0.000579 0.000356 -0.000159 0.000113 -0.000042 0.000039 -0.000009 0.000016 -0.000000 0.000007 0.000002 0.000004 0.000002 0.000003 0.000002 0.000002 0.000002 0.000002 0.000002 0.000001 0.000001 0.000001 0.000001 0.000001 0.000001 0.000001 0.000001 
0.009261 -0.004120 0.002179 -0.001060 0.000606 -0.000295 0.000184 -0.000085 0.000060 -0.000024 0.000022 -0.000006 0.000009 -0.000000 0.000004 0.000001 0.000002 0.000001 0.000002 0.000001 0.000001 0.000001 0.000001 0.000001 0.000001 0.000001 0.000001 0.000001 0.000001 0.000001 
-0.007672 0.003807 -0.001837 0.000995 -0.000495 0.000287 -0.000141 0.000089 -0.000040 0.000029 -0.000011 0.000011 -0.000002 0.000004 -0.000000 0.000002 0.000001 0.000001 0.000001 0.000001 0.000001 0.000001 0.000001 0.000001 0.000000 0.000000 0.000000 0.000000 0.000000 
0.007284 -0.003379 0.001759 -0.000882 0.000488 -0.000249 0.000146 -0.000073 0.000046 -0.000022 0.000016 -0.000006 0.000006 -0.000001 0.000002 -0.000000 0.000001 0.000000 0.000001 0.000000 0.000000 0.000000 0.000000 0.000000 0.000000 0.000000 0.000000 0.000000 
-0.006272 0.003109 -0.001537 0.000820 -0.000420 0.000235 -0.000121 0.000072 -0.000036 0.000023 -0.000011 0.000008 -0.000003 0.000003 -0.000001 0.000001 0.000000 0.000001 0.000000 0.000000 0.000000 0.000000 0.000000 0.000000 0.000000 0.000000 0.000000 
0.005859 -0.002796 0.001445 -0.000738 0.000401 -0.000210 0.000119 -0.000062 0.000037 -0.000019 0.000012 -0.000006 0.000004 -0.000002 0.000002 -0.000000 0.000001 -0.000000 0.000000 0.000000 0.000000 0.000000 0.000000 0.000000 0.000000 0.000000 
-0.005172 0.002570 -0.001291 0.000683 -0.000356 0.000196 -0.000104 0.000060 -0.000031 0.000019 -0.000010 0.000006 -0.000003 0.000002 -0.000001 0.000001 -0.000000 0.000000 0.000000 0.000000 0.000000 0.000000 0.000000 0.000000 0.000000 
0.004792 -0.002333 0.001203 -0.000621 0.000335 -0.000178 0.000099 -0.000053 0.000031 -0.000016 0.000010 -0.000005 0.000003 -0.000002 0.000001 -0.000000 0.000000 -0.000000 0.000000 0.000000 0.000000 0.000000 0.000000 0.000000 
-0.004299 0.002145 -0.001089 0.000574 -0.000302 0.000165 -0.000089 0.000050 -0.000027 0.000016 -0.000008 0.000005 -0.000003 0.000002 -0.000001 0.000001 -0.000000 0.000000 -0.000000 0.000000 0.000000 0.000000 0.000000 
0.003970 -0.001960 0.001011 -0.000526 0.000282 -0.000151 0.000084 -0.000045 0.000026 -0.000014 0.000008 -0.000004 0.000003 -0.000001 0.000001 -0.000000 0.000000 -0.000000 0.000000 -0.000000 0.000000 0.000000 
-0.003600 0.001805 -0.000923 0.000486 -0.000257 0.000140 -0.000076 0.000042 -0.000023 0.000013 -0.000007 0.000004 -0.000002 0.000001 -0.000001 0.000000 -0.000000 0.000000 -0.000000 0.000000 -0.000000 
0.003322 -0.001656 0.000855 -0.000447 0.000240 -0.000129 0.000071 -0.000039 0.000022 -0.000012 0.000007 -0.000004 0.000002 -0.000001 0.000001 -0.000000 0.000000 -0.000000 0.000000 -0.000000 
-0.003034 0.001528 -0.000786 0.000414 -0.000220 0.000119 -0.000065 0.000036 -0.000020 0.000011 -0.000006 0.000004 -0.000002 0.000001 -0.000001 0.000000 -0.000000 0.000000 -0.000000 
0.002800 -0.001407 0.000728 -0.000382 0.000204 -0.000110 0.000061 -0.000033 0.000019 -0.000010 0.000006 -0.000003 0.000002 -0.000001 0.000001 -0.000000 0.000000 -0.000000 
-0.002571 0.001300 -0.000671 0.000354 -0.000189 0.000102 -0.000056 0.000031 -0.000017 0.000010 -0.000005 0.000003 -0.000002 0.000001 -0.000001 0.000000 -0.000000 
0.002376 -0.001201 0.000622 -0.000327 0.000175 -0.000095 0.000052 -0.000029 0.000016 -0.000009 0.000005 -0.000003 0.000002 -0.000001 0.000001 -0.000000 
-0.002189 0.001111 -0.000575 0.000303 -0.000162 0.000088 -0.000048 0.000027 -0.000015 0.000008 -0.000005 0.000003 -0.000002 0.000001 -0.000000 
0.002025 -0.001028 0.000534 -0.000281 0.000151 -0.000081 0.000045 -0.000025 0.000014 -0.000008 0.000004 -0.000002 0.000001 -0.000001 
-0.001871 0.000953 -0.000495 0.000261 -0.000140 0.000076 -0.000041 0.000023 -0.000013 0.000007 -0.000004 0.000002 -0.000001 
0.001733 -0.000883 0.000459 -0.000242 0.000130 -0.000070 0.000039 -0.000021 0.000012 -0.000007 0.000004 -0.000002 
-0.001605 0.000820 -0.000426 0.000225 -0.000121 0.000065 -0.000036 0.000020 -0.000011 0.000006 -0.000003 
0.001489 -0.000761 0.000396 -0.000209 0.000112 -0.000061 0.000033 -0.000018 0.000010 -0.000006 
-0.001381 0.000707 -0.000368 0.000195 -0.000104 0.000057 -0.000031 0.000017 -0.000010 
0.001282 -0.000657 0.000342 -0.000181 0.000097 -0.000053 0.000029 -0.000016 
-0.001191 0.000611 -0.000318 0.000169 -0.000090 0.000049 -0.000027 
0.001107 -0.000568 0.000296 -0.000157 0.000084 -0.000046 
-0.001029 0.000529 -0.000276 0.000146 -0.000078 
0.000957 -0.000492 0.000257 -0.000136 
-0.000890 0.000458 -0.000239 
0.000829 -0.000427 
-0.000772 
Moments de Legendre : 
0.250000 0.000000 -0.625000 0.000000 -0.119060 -0.569469 0.183879 -0.037732 -0.453727 0.244804 -0.021023 -0.335816 0.234974 -0.042042 -0.258104 0.159857 -0.048530 -0.123244 0.153217 0.038085 0.117525 0.242072 0.153861 0.367478 0.396446 0.273675 0.472850 0.385089 0.189975 0.199195 -0.017783 -0.126435 -0.225131 -0.532026 -0.499726 -0.532600 -0.658830 -0.372919 -0.313782 -0.271781 0.122809 0.136478 0.122490 0.252829 -0.018546 -0.034236 
0.000000 0.000000 0.000000 0.000000 0.000000 0.000000 0.000000 0.000000 0.000000 0.000000 0.000000 0.000000 0.000000 0.000000 0.000000 0.000000 0.000000 0.000000 0.000000 0.000000 0.000000 0.000000 0.000000 0.000000 0.000000 0.000000 0.000000 0.000000 0.000000 0.000000 0.000000 0.000000 0.000000 0.000000 0.000000 0.000000 0.000000 0.000000 0.000000 0.000000 0.000000 0.000000 0.000000 0.000000 0.000000 
-0.625000 0.000000 1.562500 -0.000000 0.297651 1.423673 -0.459697 0.094329 1.134317 -0.612009 0.052557 0.839539 -0.587436 0.105104 0.645259 -0.399643 0.121326 0.308109 -0.383042 -0.095213 -0.293813 -0.605180 -0.384653 -0.918695 -0.991115 -0.684189 -1.182126 -0.962722 -0.474937 -0.497989 0.044457 0.316086 0.562828 1.330066 1.249315 1.331499 1.647075 0.932298 0.784454 0.679452 -0.307023 -0.341195 -0.306226 -0.632073 
-0.000000 0.000000 0.000000 0.584673 0.658768 0.113291 0.513425 0.536777 -0.350459 0.205735 0.525668 -0.346144 0.189655 0.460202 -0.310064 0.072680 0.175471 -0.266214 0.037808 -0.021296 -0.301234 -0.351601 -0.575921 -0.613881 -0.793605 -0.914860 -0.549461 -0.599568 -0.707172 -0.252636 0.027646 0.230410 0.623878 0.890353 1.079280 1.036422 0.976356 1.079939 0.552985 0.054899 0.256282 -0.054898 -0.357237 
-0.040213 0.000000 0.100532 -0.341540 -0.753903 -0.449225 0.048793 -0.121486 -0.403043 0.079053 0.155024 -0.316118 0.040645 0.184935 -0.338893 -0.161743 0.092142 -0.122972 0.018315 0.305566 0.237411 0.174579 0.479341 0.537904 0.251557 0.632677 0.849108 0.226020 0.392662 0.657602 -0.223370 -0.396689 -0.032940 -0.751724 -1.098116 -0.640971 -0.846245 -1.026510 -0.462545 -0.023161 0.022926 0.147911 
0.131272 0.000000 -0.328181 0.081553 -0.622558 -1.324261 -0.604621 -0.555570 -0.372271 0.128381 -0.431790 -0.163708 0.202811 -0.591006 -0.137901 0.375278 -0.369106 -0.005779 0.456512 -0.043637 0.401485 0.937669 0.741055 1.060904 1.324997 1.158599 1.070248 0.896009 0.926884 0.597480 -0.169458 -0.262847 -0.865026 -1.748549 -1.352463 -1.620018 -2.113671 -1.057261 -0.798362 -0.859839 0.194298 
0.341415 0.000000 -0.853538 -0.193094 0.595712 0.188756 -0.410607 -0.326738 -0.001883 -0.341339 -0.239524 0.278574 -0.223050 -0.194873 0.350534 -0.037384 -0.058913 0.157847 -0.044132 -0.008413 0.088098 0.288369 0.159655 0.086262 0.728939 0.204406 -0.261115 0.815436 0.181865 -0.744872 0.477074 0.230410 -0.807536 -0.045607 -0.169346 -0.731657 0.006277 -0.024587 -0.335611 -0.133202 
0.147504 0.000000 -0.368761 -0.325383 0.045713 0.930901 1.223075 0.477594 0.352080 0.158758 -0.251755 0.190849 0.163496 -0.011792 0.289359 -0.004759 -0.009160 0.175862 -0.289120 -0.314516 -0.264788 -0.675065 -0.738504 -0.677220 -0.794788 -0.845989 -0.746381 -0.601963 -0.563274 -0.335890 0.021225 0.215308 0.628267 1.050372 1.044354 1.175890 1.243105 0.726555 0.570263 
0.046423 0.000000 -0.116059 0.142425 0.192509 -0.029925 0.181634 0.726859 0.992932 0.529277 -0.045674 0.077767 0.109560 -0.171201 0.015516 0.162202 0.021371 -0.003848 -0.179527 -0.274018 -0.327420 -0.711921 -0.636687 -0.464525 -0.915219 -0.727076 -0.317048 -0.766932 -0.502826 0.231859 -0.076035 0.005453 0.735526 0.725088 0.767719 1.055352 0.691613 0.445121 
-0.268324 0.000000 0.670811 -0.076211 0.118070 0.470402 -0.694490 -0.816776 -0.229845 0.184460 0.558038 -0.160264 -0.216894 0.389020 -0.309803 -0.283898 0.359525 -0.181115 -0.085779 0.437161 -0.039677 -0.015796 0.353791 -0.025585 0.005992 0.313604 0.144898 0.185845 0.054042 -0.157953 0.102523 -0.104120 -0.172506 0.071948 -0.426601 -0.231010 0.253484 
-0.286935 0.000000 0.717337 0.433502 -0.233781 -0.236416 0.290808 -0.229623 -1.542178 -0.882067 0.121479 -0.237302 0.244592 0.465629 -0.225892 -0.112015 -0.045121 -0.004116 0.248570 0.187338 0.494862 0.498385 0.359914 0.648137 0.274976 0.334595 0.725418 0.021218 0.039590 0.390101 -0.390527 -0.438780 -0.118971 -0.481712 -0.246885 -0.230196 
-0.180922 0.000000 0.452304 0.176089 -0.077823 -0.399824 -0.522750 0.431735 0.573359 -0.459126 -0.616862 -0.124192 -0.011863 -0.081147 0.195061 0.324372 -0.180445 -0.119470 0.299488 -0.075203 -0.093166 0.439528 0.271194 -0.043138 0.244470 0.306200 -0.244016 -0.183664 0.405910 0.038339 -0.292684 0.222499 -0.040869 -0.448643 0.147471 
0.089175 0.000000 -0.222939 -0.085659 -0.278615 -0.437008 -0.081743 -0.034756 0.240544 1.025803 0.859590 -0.201592 -0.592506 -0.230695 -0.080497 -0.016275 0.106663 -0.047321 -0.044118 -0.036706 -0.209202 -0.014175 -0.079400 -0.230880 0.155096 -0.088296 -0.321531 0.317683 0.138732 -0.245838 0.450508 0.527543 -0.116333 -0.147593 
0.297774 0.000000 -0.744435 -0.228034 -0.004809 -0.312461 0.060798 0.353332 -0.034503 -0.523965 0.335382 1.157443 -0.063443 -0.475012 0.044585 -0.569216 -0.231296 0.401097 -0.180485 -0.009321 0.333179 -0.140681 -0.134556 0.187570 0.007803 -0.143655 0.224572 0.278296 0.002646 0.312813 0.342554 -0.159238 -0.057302 
0.247656 0.000000 -0.619141 -0.160960 0.233130 0.442480 0.265818 -0.326692 0.396583 0.134181 -1.389184 -0.318348 0.909074 0.089135 0.036115 0.325847 -0.213683 -0.264472 0.124040 0.024191 -0.117189 0.131847 0.093410 -0.071233 0.097113 0.029247 -0.136188 -0.042344 0.078912 0.018609 -0.200577 -0.068999 
0.017117 0.000000 -0.042793 -0.165397 0.277470 0.804297 0.368801 -0.190284 -0.022568 0.362473 0.229585 -0.625616 -0.725033 0.410054 0.620794 0.216683 0.489622 0.003073 -0.617678 -0.101856 -0.198964 -0.698778 -0.216409 0.034112 -0.369967 -0.295743 0.150015 -0.134752 -0.789384 -0.339692 0.136958 
-0.078184 0.000000 0.195459 0.142709 0.130130 0.190768 0.218801 0.084058 -0.123608 0.014726 0.143596 0.481582 0.601190 -0.425488 -0.500991 0.351394 0.057170 0.118656 0.268815 -0.538269 -0.442993 -0.152717 -0.583954 -0.473115 -0.100255 0.031560 -0.083962 -0.189018 0.013270 -0.246257 
-0.252648 0.000000 0.631621 0.069208 -0.207200 -0.097839 -0.344188 -0.240709 -0.173333 -0.014090 -0.064210 -0.337004 0.440021 0.594793 -0.442351 -0.571953 -0.201971 0.030396 0.274097 0.346609 0.369244 0.180565 0.139445 0.183086 0.000419 0.087125 0.058601 0.096948 0.360968 
-0.136901 0.000000 0.342253 0.230747 -0.224558 -0.733123 -0.375463 0.198421 -0.492128 -0.417869 0.445211 -0.417540 -1.063972 -0.096459 0.404135 0.113183 -0.178812 -0.229431 0.159541 0.638388 0.699939 0.662290 0.838829 0.547701 0.093807 0.213962 0.073521 -0.159650 
0.001896 0.000000 -0.004739 0.097139 -0.157365 -0.516837 -0.216403 0.354468 0.237255 -0.298650 -0.094316 0.340644 -0.115900 -0.607306 -0.349736 0.141036 0.378145 0.231912 -0.020297 -0.150477 0.060486 0.453186 0.240573 0.023037 0.356149 0.102637 -0.371384 
0.054385 0.000000 -0.135963 -0.116422 0.006187 0.164698 0.014259 0.058748 0.457906 0.229633 0.211085 0.421008 0.165529 0.450869 0.181719 -0.558445 -0.046081 0.076396 -0.242237 -0.134007 -0.678039 -0.850685 -0.307102 -0.174087 -0.250818 -0.176760 
0.172839 0.000000 -0.432098 0.020060 0.199872 0.288048 0.390006 -0.179490 0.024063 0.356049 0.010013 0.291627 0.275304 -0.037183 0.571016 0.560057 -0.504823 -0.634497 -0.009114 -0.301205 -0.591222 -0.229486 -0.530794 -0.589908 0.022777 
0.056602 0.000000 -0.141504 -0.376865 0.146479 0.662001 0.036974 -0.224664 0.140257 -0.200586 -0.422738 -0.100433 0.073358 0.150902 -0.194974 -0.272313 0.500865 0.361245 -0.440773 -0.132044 0.432332 0.254817 -0.069629 0.020412 
0.091510 0.000000 -0.228775 0.065790 0.023563 -0.052573 0.350912 -0.193038 -0.476476 0.376091 -0.144653 -0.620629 0.212034 -0.151838 -0.405534 0.071880 -0.275966 0.161177 0.736741 0.227730 0.193847 0.287464 0.292992 
-0.092581 0.000000 0.231452 0.001965 0.038725 -0.077509 -0.263159 0.133829 -0.011253 -0.157937 0.269223 0.059230 -0.324793 -0.073646 0.180967 -0.054744 -0.036515 0.171638 -0.226113 0.093028 0.525975 -0.333414 
-0.071982 0.000000 0.179954 0.209172 -0.107530 -0.334229 0.024511 0.163719 -0.041954 0.021807 -0.328361 -0.313624 0.403493 -0.043469 -0.341364 0.514136 0.393829 -0.180494 -0.065396 -0.116947 -0.353058 
-0.101179 0.000000 0.252948 -0.016707 -0.146089 -0.164357 -0.285029 0.187657 0.153790 -0.506346 -0.037312 0.146778 -0.597939 -0.161712 0.383601 -0.011018 -0.016181 0.084992 0.107979 0.195271 
-0.012554 0.000000 0.031385 0.144509 -0.103058 -0.232664 -0.106187 -0.147361 -0.035621 0.152082 0.330394 0.230436 -0.100514 0.023629 -0.067610 -0.320344 -0.127615 -0.108234 -0.036743 
-0.019348 0.000000 0.048369 -0.115118 0.038539 0.305579 -0.078356 -0.113407 0.289905 0.133522 0.334782 0.641724 0.432726 0.355249 -0.104107 -0.328736 -0.217503 -0.474774 
0.066319 0.000000 -0.165798 -0.050519 0.174021 0.226726 0.288216 0.271804 -0.094470 -0.041108 0.522513 0.131300 -0.293697 0.563908 0.505663 -0.490501 -0.073559 
0.105613 0.000000 -0.264032 0.120451 0.068596 -0.047540 0.321003 -0.207456 -0.227366 0.416727 -0.550276 -0.644361 0.300467 -0.509119 -0.311517 0.678474 
-0.052447 0.000000 0.131116 -0.382896 -0.002480 0.232182 -0.513669 -0.133866 0.190688 -0.561293 -0.565338 -0.132909 -0.277451 -0.370120 -0.201334 
0.148399 0.000000 -0.370998 0.294481 -0.133074 -0.534683 0.569967 -0.024556 -0.577103 0.456430 -0.405538 -0.677940 0.548309 -0.247106 
-0.117481 0.000000 0.293703 -0.292798 0.075217 0.456869 -0.435213 0.167889 0.796471 -0.347530 -0.056039 0.496614 -0.379405 
0.035881 0.000000 -0.089701 0.384271 0.033331 -0.274096 0.373711 0.049046 -0.380973 0.413589 0.557578 -0.085303 
-0.132346 0.000000 0.330866 -0.154419 -0.085601 0.175059 -0.419634 -0.082186 0.109017 -0.503225 0.618526 
-0.014320 0.000000 0.035800 0.105695 -0.028152 -0.291169 -0.194878 0.067443 -0.049918 0.024372 
-0.042464 0.000000 0.106159 0.088862 -0.138035 -0.048812 0.250041 -0.027294 0.031370 
-0.042997 0.000000 0.107492 -0.238001 0.147783 0.271394 -0.230558 0.302991 
0.230815 0.000000 -0.577037 0.372770 0.028484 -0.436832 0.694572 
-0.075634 0.000000 0.189084 -0.714609 0.074036 0.860763 
0.316281 0.000000 -0.790702 0.501035 0.143432 
-0.222865 0.000000 0.557163 -0.577954 
0.026921 0.000000 -0.067303 
-0.272438 0.000000 
-0.243707 
