46 
E_bd 
Moments geometrique centres, normes : 
1.000000 -0.000000 0.148262 0.030497 0.048721 0.022857 0.023112 0.015194 0.013370 0.010136 0.008586 0.006929 0.005841 0.004856 0.004112 0.003474 0.002961 0.002527 0.002167 0.001862 0.001605 0.001386 0.001200 0.001040 0.000903 0.000786 0.000684 0.000597 0.000521 0.000455 0.000398 0.000349 0.000305 0.000268 0.000235 0.000206 0.000181 0.000159 0.000140 0.000123 0.000108 0.000095 0.000084 0.000074 0.000065 0.000057 
0.000000 -0.062291 -0.022553 -0.026575 -0.016152 -0.014649 -0.010690 -0.009060 -0.007140 -0.005967 -0.004877 -0.004086 -0.003406 -0.002873 -0.002425 -0.002061 -0.001754 -0.001500 -0.001286 -0.001105 -0.000952 -0.000822 -0.000711 -0.000616 -0.000535 -0.000465 -0.000405 -0.000353 -0.000308 -0.000269 -0.000235 -0.000206 -0.000180 -0.000158 -0.000138 -0.000121 -0.000107 -0.000094 -0.000082 -0.000072 -0.000064 -0.000056 -0.000049 -0.000043 -0.000038 
0.212616 0.024403 0.038147 0.015704 0.015118 0.009377 0.007953 0.005818 0.004800 0.003779 0.003123 0.002549 0.002126 0.001772 0.001492 0.001259 0.001069 0.000911 0.000779 0.000668 0.000574 0.000495 0.000428 0.000370 0.000321 0.000279 0.000242 0.000211 0.000184 0.000161 0.000140 0.000123 0.000107 0.000094 0.000082 0.000072 0.000063 0.000056 0.000049 0.000043 0.000038 0.000033 0.000029 0.000026 
-0.007913 -0.027853 -0.010446 -0.010941 -0.006733 -0.005826 -0.004260 -0.003530 -0.002774 -0.002290 -0.001864 -0.001550 -0.001286 -0.001079 -0.000907 -0.000767 -0.000651 -0.000555 -0.000474 -0.000406 -0.000349 -0.000300 -0.000259 -0.000224 -0.000194 -0.000169 -0.000146 -0.000127 -0.000111 -0.000097 -0.000085 -0.000074 -0.000065 -0.000057 -0.000050 -0.000043 -0.000038 -0.000033 -0.000029 -0.000026 -0.000023 -0.000020 -0.000018 
0.069838 0.010376 0.013643 0.006355 0.005708 0.003725 0.003071 0.002287 0.001863 0.001472 0.001208 0.000985 0.000818 0.000679 0.000570 0.000479 0.000406 0.000344 0.000294 0.000251 0.000215 0.000185 0.000159 0.000138 0.000119 0.000103 0.000090 0.000078 0.000068 0.000059 0.000051 0.000045 0.000039 0.000034 0.000030 0.000026 0.000023 0.000020 0.000018 0.000016 0.000014 0.000012 
-0.003319 -0.012362 -0.004616 -0.004668 -0.002871 -0.002429 -0.001769 -0.001446 -0.001130 -0.000925 -0.000748 -0.000618 -0.000510 -0.000425 -0.000356 -0.000300 -0.000253 -0.000215 -0.000183 -0.000156 -0.000134 -0.000115 -0.000099 -0.000085 -0.000074 -0.000064 -0.000055 -0.000048 -0.000042 -0.000036 -0.000032 -0.000028 -0.000024 -0.000021 -0.000018 -0.000016 -0.000014 -0.000012 -0.000011 -0.000010 -0.000008 
0.026262 0.004249 0.005438 0.002658 0.002332 0.001552 0.001263 0.000945 0.000764 0.000603 0.000492 0.000400 0.000330 0.000273 0.000228 0.000191 0.000161 0.000136 0.000116 0.000099 0.000084 0.000072 0.000062 0.000053 0.000046 0.000040 0.000034 0.000030 0.000026 0.000023 0.000020 0.000017 0.000015 0.000013 0.000011 0.000010 0.000009 0.000008 0.000007 0.000006 
-0.001258 -0.005580 -0.002071 -0.002061 -0.001266 -0.001056 -0.000765 -0.000619 -0.000481 -0.000390 -0.000314 -0.000258 -0.000211 -0.000175 -0.000146 -0.000122 -0.000103 -0.000087 -0.000074 -0.000063 -0.000053 -0.000046 -0.000039 -0.000034 -0.000029 -0.000025 -0.000022 -0.000019 -0.000016 -0.000014 -0.000012 -0.000011 -0.000009 -0.000008 -0.000007 -0.000006 -0.000005 -0.000005 -0.000004 
0.010736 0.001792 0.002323 0.001162 0.001008 0.000677 0.000546 0.000409 0.000328 0.000258 0.000210 0.000170 0.000139 0.000115 0.000095 0.000079 0.000067 0.000056 0.000047 0.000040 0.000034 0.000029 0.000025 0.000021 0.000018 0.000016 0.000014 0.000012 0.000010 0.000009 0.000008 0.000007 0.000006 0.000005 0.000004 0.000004 0.000003 0.000003 
-0.000451 -0.002576 -0.000951 -0.000939 -0.000576 -0.000475 -0.000343 -0.000275 -0.000213 -0.000171 -0.000137 -0.000112 -0.000091 -0.000075 -0.000062 -0.000052 -0.000043 -0.000036 -0.000031 -0.000026 -0.000022 -0.000019 -0.000016 -0.000014 -0.000012 -0.000010 -0.000009 -0.000008 -0.000007 -0.000006 -0.000005 -0.000004 -0.000004 -0.000003 -0.000003 -0.000002 -0.000002 
0.004663 0.000784 0.001043 0.000528 0.000455 0.000307 0.000246 0.000184 0.000147 0.000115 0.000093 0.000075 0.000061 0.000050 0.000041 0.000034 0.000029 0.000024 0.000020 0.000017 0.000014 0.000012 0.000010 0.000009 0.000008 0.000007 0.000006 0.000005 0.000004 0.000004 0.000003 0.000003 0.000002 0.000002 0.000002 0.000002 
-0.000148 -0.001216 -0.000446 -0.000439 -0.000270 -0.000221 -0.000159 -0.000126 -0.000097 -0.000078 -0.000062 -0.000050 -0.000041 -0.000033 -0.000027 -0.000023 -0.000019 -0.000016 -0.000013 -0.000011 -0.000009 -0.000008 -0.000007 -0.000006 -0.000005 -0.000004 -0.000004 -0.000003 -0.000003 -0.000002 -0.000002 -0.000002 -0.000002 -0.000001 -0.000001 
0.002121 0.000354 0.000486 0.000248 0.000212 0.000144 0.000114 0.000085 0.000068 0.000053 0.000042 0.000034 0.000028 0.000022 0.000018 0.000015 0.000013 0.000011 0.000009 0.000007 0.000006 0.000005 0.000005 0.000004 0.000003 0.000003 0.000002 0.000002 0.000002 0.000002 0.000001 0.000001 0.000001 0.000001 
-0.000039 -0.000586 -0.000214 -0.000210 -0.000129 -0.000105 -0.000075 -0.000060 -0.000046 -0.000036 -0.000029 -0.000023 -0.000019 -0.000015 -0.000012 -0.000010 -0.000009 -0.000007 -0.000006 -0.000005 -0.000004 -0.000004 -0.000003 -0.000003 -0.000002 -0.000002 -0.000002 -0.000001 -0.000001 -0.000001 -0.000001 -0.000001 -0.000001 
0.000999 0.000164 0.000233 0.000119 0.000102 0.000069 0.000054 0.000041 0.000032 0.000025 0.000020 0.000016 0.000013 0.000010 0.000008 0.000007 0.000006 0.000005 0.000004 0.000003 0.000003 0.000002 0.000002 0.000002 0.000001 0.000001 0.000001 0.000001 0.000001 0.000001 0.000001 0.000000 
-0.000003 -0.000287 -0.000104 -0.000103 -0.000063 -0.000051 -0.000036 -0.000029 -0.000022 -0.000017 -0.000014 -0.000011 -0.000009 -0.000007 -0.000006 -0.000005 -0.000004 -0.000003 -0.000003 -0.000002 -0.000002 -0.000002 -0.000001 -0.000001 -0.000001 -0.000001 -0.000001 -0.000001 -0.000001 -0.000000 -0.000000 
0.000483 0.000077 0.000114 0.000058 0.000050 0.000034 0.000026 0.000020 0.000015 0.000012 0.000009 0.000008 0.000006 0.000005 0.000004 0.000003 0.000003 0.000002 0.000002 0.000002 0.000001 0.000001 0.000001 0.000001 0.000001 0.000001 0.000000 0.000000 0.000000 0.000000 
0.000006 -0.000143 -0.000051 -0.000051 -0.000031 -0.000025 -0.000018 -0.000014 -0.000011 -0.000008 -0.000007 -0.000005 -0.000004 -0.000003 -0.000003 -0.000002 -0.000002 -0.000002 -0.000001 -0.000001 -0.000001 -0.000001 -0.000001 -0.000001 -0.000000 -0.000000 -0.000000 -0.000000 -0.000000 
0.000239 0.000037 0.000057 0.000029 0.000025 0.000017 0.000013 0.000010 0.000008 0.000006 0.000005 0.000004 0.000003 0.000002 0.000002 0.000002 0.000001 0.000001 0.000001 0.000001 0.000001 0.000000 0.000000 0.000000 0.000000 0.000000 0.000000 0.000000 
0.000007 -0.000072 -0.000026 -0.000025 -0.000016 -0.000012 -0.000009 -0.000007 -0.000005 -0.000004 -0.000003 -0.000003 -0.000002 -0.000002 -0.000001 -0.000001 -0.000001 -0.000001 -0.000001 -0.000000 -0.000000 -0.000000 -0.000000 -0.000000 -0.000000 -0.000000 -0.000000 
0.000120 0.000018 0.000029 0.000015 0.000012 0.000008 0.000007 0.000005 0.000004 0.000003 0.000002 0.000002 0.000001 0.000001 0.000001 0.000001 0.000001 0.000001 0.000000 0.000000 0.000000 0.000000 0.000000 0.000000 0.000000 0.000000 
0.000006 -0.000037 -0.000013 -0.000013 -0.000008 -0.000006 -0.000005 -0.000003 -0.000003 -0.000002 -0.000002 -0.000001 -0.000001 -0.000001 -0.000001 -0.000001 -0.000000 -0.000000 -0.000000 -0.000000 -0.000000 -0.000000 -0.000000 -0.000000 -0.000000 
0.000061 0.000009 0.000015 0.000007 0.000006 0.000004 0.000003 0.000002 0.000002 0.000001 0.000001 0.000001 0.000001 0.000001 0.000000 0.000000 0.000000 0.000000 0.000000 0.000000 0.000000 0.000000 0.000000 0.000000 
0.000004 -0.000019 -0.000007 -0.000007 -0.000004 -0.000003 -0.000002 -0.000002 -0.000001 -0.000001 -0.000001 -0.000001 -0.000001 -0.000000 -0.000000 -0.000000 -0.000000 -0.000000 -0.000000 -0.000000 -0.000000 -0.000000 -0.000000 
0.000031 0.000004 0.000007 0.000004 0.000003 0.000002 0.000002 0.000001 0.000001 0.000001 0.000001 0.000000 0.000000 0.000000 0.000000 0.000000 0.000000 0.000000 0.000000 0.000000 0.000000 0.000000 
0.000002 -0.000010 -0.000003 -0.000003 -0.000002 -0.000002 -0.000001 -0.000001 -0.000001 -0.000001 -0.000000 -0.000000 -0.000000 -0.000000 -0.000000 -0.000000 -0.000000 -0.000000 -0.000000 -0.000000 -0.000000 
0.000016 0.000002 0.000004 0.000002 0.000002 0.000001 0.000001 0.000001 0.000000 0.000000 0.000000 0.000000 0.000000 0.000000 0.000000 0.000000 0.000000 0.000000 0.000000 0.000000 
0.000002 -0.000005 -0.000002 -0.000002 -0.000001 -0.000001 -0.000001 -0.000000 -0.000000 -0.000000 -0.000000 -0.000000 -0.000000 -0.000000 -0.000000 -0.000000 -0.000000 -0.000000 -0.000000 
0.000009 0.000001 0.000002 0.000001 0.000001 0.000001 0.000000 0.000000 0.000000 0.000000 0.000000 0.000000 0.000000 0.000000 0.000000 0.000000 0.000000 0.000000 
0.000001 -0.000003 -0.000001 -0.000001 -0.000001 -0.000000 -0.000000 -0.000000 -0.000000 -0.000000 -0.000000 -0.000000 -0.000000 -0.000000 -0.000000 -0.000000 -0.000000 
0.000005 0.000001 0.000001 0.000001 0.000000 0.000000 0.000000 0.000000 0.000000 0.000000 0.000000 0.000000 0.000000 0.000000 0.000000 0.000000 
0.000001 -0.000001 -0.000000 -0.000000 -0.000000 -0.000000 -0.000000 -0.000000 -0.000000 -0.000000 -0.000000 -0.000000 -0.000000 -0.000000 -0.000000 
0.000002 0.000000 0.000001 0.000000 0.000000 0.000000 0.000000 0.000000 0.000000 0.000000 0.000000 0.000000 0.000000 0.000000 
0.000000 -0.000001 -0.000000 -0.000000 -0.000000 -0.000000 -0.000000 -0.000000 -0.000000 -0.000000 -0.000000 -0.000000 -0.000000 
0.000001 0.000000 0.000000 0.000000 0.000000 0.000000 0.000000 0.000000 0.000000 0.000000 0.000000 0.000000 
0.000000 -0.000000 -0.000000 -0.000000 -0.000000 -0.000000 -0.000000 -0.000000 -0.000000 -0.000000 -0.000000 
0.000001 0.000000 0.000000 0.000000 0.000000 0.000000 0.000000 0.000000 0.000000 0.000000 
0.000000 -0.000000 -0.000000 -0.000000 -0.000000 -0.000000 -0.000000 -0.000000 -0.000000 
0.000000 0.000000 0.000000 0.000000 0.000000 0.000000 0.000000 0.000000 
0.000000 -0.000000 -0.000000 -0.000000 -0.000000 -0.000000 -0.000000 
0.000000 0.000000 0.000000 0.000000 0.000000 0.000000 
0.000000 -0.000000 -0.000000 -0.000000 -0.000000 
0.000000 0.000000 0.000000 0.000000 
0.000000 -0.000000 -0.000000 
0.000000 0.000000 
0.000000 
Moments de Legendre : 
0.250000 0.000000 -0.625000 0.000000 0.357265 -0.220148 -0.006855 0.271764 -0.159201 -0.004980 0.218562 -0.149531 -0.034403 0.160854 -0.129171 -0.048055 0.070689 -0.155557 -0.003831 0.144938 -0.072619 -0.030271 0.073412 -0.002134 0.044775 0.010723 -0.027655 0.087344 -0.027231 -0.103706 0.047683 -0.045871 -0.085073 0.056473 -0.091953 -0.070959 0.199132 0.065437 -0.025066 0.147962 0.033851 -0.060085 -0.016067 -0.142109 -0.097641 -0.065893 
0.000000 0.000000 0.000000 0.000000 0.000000 0.000000 0.000000 0.000000 0.000000 0.000000 0.000000 0.000000 0.000000 0.000000 0.000000 0.000000 0.000000 0.000000 0.000000 0.000000 0.000000 0.000000 0.000000 0.000000 0.000000 0.000000 0.000000 0.000000 0.000000 0.000000 0.000000 0.000000 0.000000 0.000000 0.000000 0.000000 0.000000 0.000000 0.000000 0.000000 0.000000 0.000000 0.000000 0.000000 0.000000 
-0.625000 0.000000 1.562500 -0.000000 -0.893163 0.550371 0.017137 -0.679409 0.398003 0.012450 -0.546404 0.373827 0.086007 -0.402136 0.322927 0.120136 -0.176721 0.388893 0.009579 -0.362345 0.181548 0.075677 -0.183531 0.005334 -0.111938 -0.026807 0.069138 -0.218359 0.068078 0.259265 -0.119206 0.114677 0.212682 -0.141182 0.229883 0.177398 -0.497829 -0.163594 0.062665 -0.369906 -0.084626 0.150212 0.040168 0.355273 
-0.000000 0.000000 0.000000 -0.529910 -0.431687 0.221596 0.097713 0.053809 0.446358 0.173401 -0.117493 0.043545 -0.080938 -0.080788 0.061060 -0.203597 -0.142725 0.135841 -0.097233 -0.099515 0.146301 -0.011228 -0.000938 0.141027 0.014636 0.126562 0.168463 -0.121364 -0.049345 0.024497 -0.190768 -0.112017 -0.109337 -0.206013 0.078955 0.052026 -0.073340 0.388345 0.385808 0.003714 0.223122 0.112990 -0.352478 
0.146103 0.000000 -0.365257 0.467091 0.494054 -0.436870 -0.065464 0.105945 -0.500168 0.101438 0.424948 -0.337219 -0.076879 0.292902 -0.172688 0.072798 0.261477 -0.277557 -0.059110 0.276818 -0.112566 -0.147043 0.041929 0.027684 0.098961 -0.110312 -0.187210 0.198632 0.045315 -0.207242 0.128360 0.083655 -0.086460 0.192466 0.067097 -0.143952 0.074571 -0.050946 -0.237627 -0.047757 -0.043931 -0.053670 
0.057123 0.000000 -0.142807 0.167782 0.295247 0.126284 0.082334 -0.242237 -0.366272 0.054947 -0.022920 -0.169050 0.212040 0.034422 -0.185232 0.278382 0.116715 -0.252590 0.195644 0.216993 -0.163207 0.004515 -0.051012 -0.213730 0.038991 -0.074639 -0.179951 0.141227 0.034805 -0.042119 0.256738 0.119122 0.038374 0.170234 -0.144909 -0.138184 0.084787 -0.285728 -0.235469 0.078104 -0.260913 
0.431494 0.000000 -1.078734 -0.753570 0.253271 0.255019 0.010486 0.341702 0.338606 -0.136365 -0.139107 0.219435 0.215556 -0.057024 -0.200867 -0.208816 -0.154962 -0.040586 0.012393 -0.074310 -0.068190 0.170175 0.255130 -0.009214 -0.077720 0.231965 0.246499 -0.111321 -0.152645 0.006937 -0.147742 -0.250246 -0.099529 -0.181253 -0.245526 0.151250 0.394593 0.244340 0.309183 0.398732 
-0.158050 0.000000 0.395124 0.754742 0.180905 -0.655128 -0.198356 0.366578 -0.257426 -0.468959 0.169217 0.122772 -0.150033 0.177490 0.144164 -0.133867 0.157307 0.230054 -0.156451 -0.143903 0.026207 -0.011640 0.065783 0.032876 -0.174236 -0.121946 -0.013468 -0.015943 0.073797 0.053283 -0.013109 0.126750 0.131136 0.033009 0.138880 0.092418 -0.137897 -0.239457 -0.342126 
-0.245393 0.000000 0.613482 0.213455 -0.413482 -0.200726 0.088605 0.066346 0.106909 0.095875 -0.015457 -0.189694 -0.341026 -0.022861 0.351604 0.057152 -0.152194 0.147248 0.121539 -0.032405 0.141942 -0.029872 -0.333775 -0.032658 0.151014 -0.160088 -0.146227 0.109899 0.071080 0.056323 0.149579 0.053808 0.008150 0.107054 -0.007820 -0.217512 -0.167965 -0.033712 
0.193573 0.000000 -0.483933 -0.536827 0.081741 0.237690 -0.327272 -0.104866 0.554198 0.306047 0.065009 0.206765 -0.196846 -0.327773 0.191892 0.047719 -0.363321 -0.116461 0.014899 -0.107970 0.019477 0.039806 0.027849 0.252905 0.258997 0.096929 0.076986 -0.015196 -0.098320 -0.117475 -0.300309 -0.311590 -0.053482 -0.036301 -0.081501 0.147229 0.277232 
-0.295142 0.000000 0.737856 0.505824 -0.090592 -0.034910 0.054288 -0.243185 -0.431057 -0.238157 0.102001 0.164058 0.000370 -0.036626 -0.034912 0.064615 0.294927 0.147562 -0.096924 0.058750 0.004892 -0.186948 0.009284 -0.053923 -0.257768 0.034780 0.034292 -0.210396 0.098636 0.167846 -0.045135 0.283726 0.305279 -0.077460 0.109432 0.102883 
-0.128340 0.000000 0.320851 -0.582117 -0.806695 0.677821 0.938160 -0.338970 -0.380916 0.249719 -0.162876 -0.287679 0.387706 0.223508 -0.443198 -0.198193 0.258456 0.077137 -0.051368 0.117462 0.092790 -0.013072 -0.052757 -0.194854 -0.153203 0.164600 0.159935 -0.166280 -0.135322 0.218154 0.269877 -0.053764 -0.204643 0.020568 0.051285 
0.361930 0.000000 -0.904824 -0.493714 0.481364 0.380796 -0.259805 -0.262628 0.270176 0.306606 -0.203673 -0.027004 0.478091 0.062697 -0.291960 0.029617 -0.129475 -0.362518 -0.031762 -0.049193 -0.146816 0.214126 0.263482 0.144323 0.179608 -0.036146 0.001232 0.209191 -0.155110 -0.268576 -0.025663 -0.327720 -0.342607 0.128917 
0.081688 0.000000 -0.204220 0.753925 0.860394 -0.630103 -0.757370 0.389470 0.287302 -0.371619 -0.252259 -0.097742 -0.181548 0.019779 0.354229 0.305659 -0.091563 -0.110346 0.270549 0.173697 -0.144504 -0.033489 -0.052953 -0.225541 -0.088635 -0.202501 -0.346225 0.217017 0.422250 -0.147131 -0.014127 0.592257 0.287582 
-0.026673 0.000000 0.066682 -0.027861 -0.250060 -0.279020 0.041798 0.300821 0.167494 0.084653 0.177190 -0.097603 -0.362056 -0.014742 0.193841 -0.078944 -0.069352 0.090660 -0.053513 -0.070482 0.081006 0.027310 -0.045287 0.011175 0.071412 0.066948 -0.030509 -0.018841 0.078764 -0.052400 -0.111397 0.046116 
-0.134189 0.000000 0.335472 0.161282 -0.362958 -0.299920 0.176825 0.049865 -0.268014 0.069571 0.404579 0.206287 0.007496 -0.087582 -0.235598 -0.124137 0.172156 0.099665 -0.252682 -0.238400 0.032992 -0.016688 0.020006 0.401079 0.240279 -0.168177 0.129040 0.169045 -0.365416 -0.182598 0.069952 
-0.182861 0.000000 0.457152 0.320593 -0.255006 -0.205020 0.382797 0.280342 -0.388218 -0.425413 0.010295 0.076399 -0.055871 -0.052674 -0.046266 0.011733 0.151559 0.212193 0.245555 0.221971 -0.023867 -0.253852 -0.241984 -0.199100 -0.149878 0.010881 0.012285 -0.126166 0.028698 0.270865 
0.171752 0.000000 -0.429380 -0.629985 0.157540 0.733218 -0.030791 -0.420590 0.024908 0.036987 0.111846 0.309508 -0.091001 -0.141100 0.212580 -0.046293 -0.270800 -0.106501 -0.081882 0.015563 0.072084 0.042126 0.182863 -0.075535 -0.175553 0.502369 0.243129 -0.602180 0.003998 
0.201970 0.000000 -0.504926 -0.283426 0.456652 0.393866 -0.335099 -0.295845 0.241124 0.130838 -0.150654 -0.042164 0.033650 0.103600 0.193488 -0.027925 -0.175749 -0.064595 -0.153003 -0.151523 0.174991 0.215902 0.022830 0.010223 -0.056398 -0.078755 0.118757 0.066773 
-0.075948 0.000000 0.189871 0.269632 -0.109715 -0.322159 0.099219 0.285526 0.141296 0.057701 -0.376104 -0.567280 0.075002 0.363276 0.016241 -0.062963 0.041009 0.159164 0.218677 -0.041722 -0.052582 0.136541 -0.154013 -0.193350 0.017543 -0.400283 -0.297910 
-0.186434 0.000000 0.466084 0.161581 -0.328710 -0.198717 -0.042275 -0.102142 0.029126 0.164198 0.128067 0.132298 0.086393 -0.089012 -0.115504 0.031817 0.030190 -0.105905 -0.094794 -0.090601 -0.228082 -0.080413 0.309616 0.369034 0.171318 -0.037720 
-0.058462 0.000000 0.146156 0.027184 -0.189688 -0.108583 0.091980 0.089363 0.037885 0.036267 -0.012764 0.029418 0.068049 -0.178539 -0.287409 0.068971 0.238580 0.009755 0.023900 0.199521 0.001440 -0.258010 -0.149436 0.043518 0.070373 
0.083783 0.000000 -0.209457 0.051007 0.219793 0.092930 0.020455 -0.219538 -0.164270 0.226255 -0.038699 -0.192108 0.290230 -0.018298 -0.459926 0.149898 0.321155 -0.105422 0.064509 0.113051 -0.064766 0.123182 -0.108669 -0.432101 
0.081528 0.000000 -0.203820 -0.060808 0.276951 0.177403 -0.168355 -0.157140 -0.126157 -0.219107 0.152707 0.485462 0.035391 -0.305479 0.082977 0.289011 -0.106466 -0.386649 -0.151095 0.113148 0.013047 -0.004087 0.209420 
0.077107 0.000000 -0.192767 -0.253912 -0.176105 -0.104281 0.279622 0.694100 0.095459 -0.548058 -0.008108 0.060454 -0.540843 0.135355 0.701904 -0.246928 -0.485292 0.184259 0.136418 0.148470 0.279398 -0.251820 
-0.026545 0.000000 0.066362 0.215085 0.104876 -0.154907 -0.122595 -0.068734 -0.078596 0.162742 0.138454 -0.324835 -0.175006 0.492976 0.311340 -0.390070 -0.206661 0.325662 -0.011670 -0.437563 -0.046772 
-0.088724 0.000000 0.221809 0.115452 -0.026764 -0.012714 -0.121031 -0.129986 0.050197 0.039018 -0.000195 0.110791 0.030203 -0.158889 -0.125919 0.049483 0.218274 0.179378 -0.147764 -0.287748 
0.000705 0.000000 -0.001762 -0.289366 -0.273233 0.158353 0.229683 0.037911 0.042724 0.081831 0.068463 0.006463 -0.099936 -0.121730 -0.202399 -0.198934 0.214320 0.386215 -0.024647 
-0.035634 0.000000 0.089086 0.244260 0.269165 0.078893 -0.339814 -0.605854 -0.046544 0.466762 -0.026740 -0.122315 0.462048 0.077902 -0.408880 0.112412 0.103480 -0.309355 
0.010464 0.000000 -0.026159 0.055894 0.009798 -0.152071 -0.024156 0.336993 0.344569 -0.264226 -0.599877 0.050114 0.352381 -0.313447 -0.106950 0.666329 -0.107493 
0.086312 0.000000 -0.215780 -0.280524 -0.171740 0.044497 0.291233 0.238484 -0.104037 -0.116255 0.152752 0.010351 -0.213353 0.088425 0.260901 -0.068378 
-0.054331 0.000000 0.135826 0.099721 0.016174 0.157194 0.104938 -0.403073 -0.420395 0.241261 0.291595 -0.182093 0.006896 0.305344 -0.095126 
-0.036705 0.000000 0.091763 -0.061197 -0.168258 -0.013430 0.210743 0.332596 0.049598 -0.357694 -0.151962 0.153392 -0.123770 -0.289265 
0.087275 0.000000 -0.218189 -0.033182 0.235665 -0.078409 -0.355356 -0.027480 0.028718 -0.038722 0.506210 0.398685 -0.424189 
-0.020793 0.000000 0.051983 0.307488 0.264693 -0.238701 -0.421179 -0.026993 0.320674 0.185603 -0.230999 -0.339295 
-0.071222 0.000000 0.178056 0.054011 -0.137025 -0.072543 0.055830 0.166619 0.230558 -0.036074 -0.415618 
0.074009 0.000000 -0.185022 -0.274134 -0.096166 0.238222 0.243151 -0.241600 -0.466702 0.077454 
0.036711 0.000000 -0.091778 -0.033649 -0.103325 0.014828 0.425318 0.253793 -0.186714 
-0.054435 0.000000 0.136087 0.083795 0.032925 0.080589 -0.057838 -0.168335 
-0.001033 0.000000 0.002583 -0.246833 -0.122707 0.171896 -0.137469 
-0.093657 0.000000 0.234143 0.257801 -0.012713 -0.235615 
-0.020521 0.000000 0.051302 0.262989 0.359380 
0.143789 0.000000 -0.359473 -0.503597 
-0.019720 0.000000 0.049301 
0.061422 0.000000 
0.077212 
