40 
F_bd 
Moments geometrique centres, normes : 
0.500000 -0.000000 0.030831 0.005692 0.004704 0.001733 0.001040 0.000492 0.000275 0.000144 0.000080 0.000044 0.000024 0.000014 0.000008 0.000004 0.000003 0.000001 0.000001 0.000000 0.000000 0.000000 0.000000 0.000000 0.000000 0.000000 0.000000 0.000000 0.000000 0.000000 0.000000 0.000000 0.000000 0.000000 0.000000 0.000000 0.000000 0.000000 0.000000 0.000000 
-0.000000 -0.014626 -0.002330 -0.002056 -0.000782 -0.000477 -0.000235 -0.000133 -0.000071 -0.000040 -0.000022 -0.000013 -0.000007 -0.000004 -0.000002 -0.000001 -0.000001 -0.000000 -0.000000 -0.000000 -0.000000 -0.000000 -0.000000 -0.000000 -0.000000 -0.000000 -0.000000 -0.000000 -0.000000 -0.000000 -0.000000 -0.000000 -0.000000 -0.000000 -0.000000 -0.000000 -0.000000 -0.000000 -0.000000 
0.044815 0.000769 0.002930 0.000689 0.000493 0.000204 0.000117 0.000058 0.000032 0.000017 0.000010 0.000005 0.000003 0.000002 0.000001 0.000001 0.000000 0.000000 0.000000 0.000000 0.000000 0.000000 0.000000 0.000000 0.000000 0.000000 0.000000 0.000000 0.000000 0.000000 0.000000 0.000000 0.000000 0.000000 0.000000 0.000000 0.000000 0.000000 
0.000282 -0.003293 -0.000479 -0.000421 -0.000150 -0.000090 -0.000042 -0.000023 -0.000012 -0.000007 -0.000004 -0.000002 -0.000001 -0.000001 -0.000000 -0.000000 -0.000000 -0.000000 -0.000000 -0.000000 -0.000000 -0.000000 -0.000000 -0.000000 -0.000000 -0.000000 -0.000000 -0.000000 -0.000000 -0.000000 -0.000000 -0.000000 -0.000000 -0.000000 -0.000000 -0.000000 -0.000000 
0.007757 0.000067 0.000502 0.000113 0.000082 0.000033 0.000019 0.000009 0.000005 0.000003 0.000001 0.000001 0.000000 0.000000 0.000000 0.000000 0.000000 0.000000 0.000000 0.000000 0.000000 0.000000 0.000000 0.000000 0.000000 0.000000 0.000000 0.000000 0.000000 0.000000 0.000000 0.000000 0.000000 0.000000 0.000000 0.000000 
0.000549 -0.000701 -0.000073 -0.000080 -0.000026 -0.000016 -0.000007 -0.000004 -0.000002 -0.000001 -0.000001 -0.000000 -0.000000 -0.000000 -0.000000 -0.000000 -0.000000 -0.000000 -0.000000 -0.000000 -0.000000 -0.000000 -0.000000 -0.000000 -0.000000 -0.000000 -0.000000 -0.000000 -0.000000 -0.000000 -0.000000 -0.000000 -0.000000 -0.000000 -0.000000 
0.001654 -0.000024 0.000100 0.000019 0.000015 0.000006 0.000003 0.000002 0.000001 0.000000 0.000000 0.000000 0.000000 0.000000 0.000000 0.000000 0.000000 0.000000 0.000000 0.000000 0.000000 0.000000 0.000000 0.000000 0.000000 0.000000 0.000000 0.000000 0.000000 0.000000 0.000000 0.000000 0.000000 0.000000 
0.000255 -0.000160 -0.000009 -0.000016 -0.000005 -0.000003 -0.000001 -0.000001 -0.000000 -0.000000 -0.000000 -0.000000 -0.000000 -0.000000 -0.000000 -0.000000 -0.000000 -0.000000 -0.000000 -0.000000 -0.000000 -0.000000 -0.000000 -0.000000 -0.000000 -0.000000 -0.000000 -0.000000 -0.000000 -0.000000 -0.000000 -0.000000 -0.000000 
0.000397 -0.000017 0.000022 0.000003 0.000003 0.000001 0.000001 0.000000 0.000000 0.000000 0.000000 0.000000 0.000000 0.000000 0.000000 0.000000 0.000000 0.000000 0.000000 0.000000 0.000000 0.000000 0.000000 0.000000 0.000000 0.000000 0.000000 0.000000 0.000000 0.000000 0.000000 0.000000 
0.000095 -0.000039 -0.000001 -0.000003 -0.000001 -0.000001 -0.000000 -0.000000 -0.000000 -0.000000 -0.000000 -0.000000 -0.000000 -0.000000 -0.000000 -0.000000 -0.000000 -0.000000 -0.000000 -0.000000 -0.000000 -0.000000 -0.000000 -0.000000 -0.000000 -0.000000 -0.000000 -0.000000 -0.000000 -0.000000 -0.000000 
0.000104 -0.000007 0.000005 0.000001 0.000001 0.000000 0.000000 0.000000 0.000000 0.000000 0.000000 0.000000 0.000000 0.000000 0.000000 0.000000 0.000000 0.000000 0.000000 0.000000 0.000000 0.000000 0.000000 0.000000 0.000000 0.000000 0.000000 0.000000 0.000000 0.000000 
0.000033 -0.000010 0.000000 -0.000001 -0.000000 -0.000000 -0.000000 -0.000000 -0.000000 -0.000000 -0.000000 -0.000000 -0.000000 -0.000000 -0.000000 -0.000000 -0.000000 -0.000000 -0.000000 -0.000000 -0.000000 -0.000000 -0.000000 -0.000000 -0.000000 -0.000000 -0.000000 -0.000000 -0.000000 
0.000029 -0.000003 0.000001 0.000000 0.000000 0.000000 0.000000 0.000000 0.000000 0.000000 0.000000 0.000000 0.000000 0.000000 0.000000 0.000000 0.000000 0.000000 0.000000 0.000000 0.000000 0.000000 0.000000 0.000000 0.000000 0.000000 0.000000 0.000000 
0.000011 -0.000003 0.000000 -0.000000 -0.000000 -0.000000 -0.000000 -0.000000 -0.000000 -0.000000 -0.000000 -0.000000 -0.000000 -0.000000 -0.000000 -0.000000 -0.000000 -0.000000 -0.000000 -0.000000 -0.000000 -0.000000 -0.000000 -0.000000 -0.000000 -0.000000 -0.000000 
0.000008 -0.000001 0.000000 -0.000000 0.000000 0.000000 0.000000 0.000000 0.000000 0.000000 0.000000 0.000000 0.000000 0.000000 0.000000 0.000000 0.000000 0.000000 0.000000 0.000000 0.000000 0.000000 0.000000 0.000000 0.000000 0.000000 
0.000004 -0.000001 0.000000 -0.000000 -0.000000 -0.000000 -0.000000 -0.000000 -0.000000 -0.000000 -0.000000 -0.000000 -0.000000 -0.000000 -0.000000 -0.000000 -0.000000 -0.000000 -0.000000 -0.000000 -0.000000 -0.000000 -0.000000 -0.000000 -0.000000 
0.000003 -0.000000 0.000000 -0.000000 0.000000 0.000000 0.000000 0.000000 0.000000 0.000000 0.000000 0.000000 0.000000 0.000000 0.000000 0.000000 0.000000 0.000000 0.000000 0.000000 0.000000 0.000000 0.000000 0.000000 
0.000001 -0.000000 0.000000 -0.000000 -0.000000 -0.000000 -0.000000 -0.000000 -0.000000 -0.000000 -0.000000 -0.000000 -0.000000 -0.000000 -0.000000 -0.000000 -0.000000 -0.000000 -0.000000 -0.000000 -0.000000 -0.000000 -0.000000 
0.000001 -0.000000 0.000000 -0.000000 0.000000 0.000000 0.000000 0.000000 0.000000 0.000000 0.000000 0.000000 0.000000 0.000000 0.000000 0.000000 0.000000 0.000000 0.000000 0.000000 0.000000 0.000000 
0.000000 -0.000000 0.000000 -0.000000 0.000000 -0.000000 -0.000000 -0.000000 -0.000000 -0.000000 -0.000000 -0.000000 -0.000000 -0.000000 -0.000000 -0.000000 -0.000000 -0.000000 -0.000000 -0.000000 -0.000000 
0.000000 -0.000000 0.000000 -0.000000 0.000000 0.000000 0.000000 0.000000 0.000000 0.000000 0.000000 0.000000 0.000000 0.000000 0.000000 0.000000 0.000000 0.000000 0.000000 0.000000 
0.000000 -0.000000 0.000000 -0.000000 0.000000 -0.000000 -0.000000 -0.000000 -0.000000 -0.000000 -0.000000 -0.000000 -0.000000 -0.000000 -0.000000 -0.000000 -0.000000 -0.000000 -0.000000 
0.000000 -0.000000 0.000000 -0.000000 0.000000 0.000000 0.000000 0.000000 0.000000 0.000000 0.000000 0.000000 0.000000 0.000000 0.000000 0.000000 0.000000 0.000000 
0.000000 -0.000000 0.000000 -0.000000 0.000000 -0.000000 -0.000000 -0.000000 -0.000000 -0.000000 -0.000000 -0.000000 -0.000000 -0.000000 -0.000000 -0.000000 -0.000000 
0.000000 -0.000000 0.000000 -0.000000 0.000000 -0.000000 0.000000 0.000000 0.000000 0.000000 0.000000 0.000000 0.000000 0.000000 0.000000 0.000000 
0.000000 -0.000000 0.000000 -0.000000 0.000000 -0.000000 -0.000000 -0.000000 -0.000000 -0.000000 -0.000000 -0.000000 -0.000000 -0.000000 -0.000000 
0.000000 -0.000000 0.000000 -0.000000 0.000000 -0.000000 0.000000 0.000000 0.000000 0.000000 0.000000 0.000000 0.000000 0.000000 
0.000000 -0.000000 0.000000 -0.000000 0.000000 -0.000000 -0.000000 -0.000000 -0.000000 -0.000000 -0.000000 -0.000000 -0.000000 
0.000000 -0.000000 0.000000 -0.000000 0.000000 -0.000000 0.000000 0.000000 0.000000 0.000000 0.000000 0.000000 
0.000000 -0.000000 0.000000 -0.000000 0.000000 -0.000000 0.000000 -0.000000 -0.000000 -0.000000 -0.000000 
0.000000 -0.000000 0.000000 -0.000000 0.000000 -0.000000 0.000000 0.000000 0.000000 0.000000 
0.000000 -0.000000 0.000000 -0.000000 0.000000 -0.000000 0.000000 -0.000000 -0.000000 
0.000000 -0.000000 0.000000 -0.000000 0.000000 -0.000000 0.000000 0.000000 
0.000000 -0.000000 0.000000 -0.000000 0.000000 -0.000000 0.000000 
0.000000 -0.000000 0.000000 -0.000000 0.000000 -0.000000 
0.000000 -0.000000 0.000000 -0.000000 0.000000 
0.000000 -0.000000 0.000000 -0.000000 
0.000000 -0.000000 0.000000 
0.000000 -0.000000 
0.000000 
Moments de Legendre : 
0.125000 0.000000 -0.312500 0.000000 0.320712 -0.041086 -0.213150 0.135601 0.084843 -0.226465 -0.001794 0.239869 -0.038867 -0.163451 0.067609 0.056121 -0.086982 0.015297 0.074211 -0.031993 -0.026022 0.015076 -0.024271 0.015584 0.040786 -0.054768 -0.021580 0.092024 -0.008399 -0.103073 0.030457 0.072932 -0.044365 -0.017869 0.051792 -0.027468 -0.045293 0.042192 0.021482 -0.030900 
0.000000 0.000000 0.000000 0.000000 0.000000 0.000000 0.000000 0.000000 0.000000 0.000000 0.000000 0.000000 0.000000 0.000000 0.000000 0.000000 0.000000 0.000000 0.000000 0.000000 0.000000 0.000000 0.000000 0.000000 0.000000 0.000000 0.000000 0.000000 0.000000 0.000000 0.000000 0.000000 0.000000 0.000000 0.000000 0.000000 0.000000 0.000000 0.000000 
-0.312500 0.000000 0.781250 -0.000000 -0.801780 0.102716 0.532874 -0.339002 -0.212107 0.566164 0.004486 -0.599673 0.097169 0.408628 -0.169022 -0.140303 0.217455 -0.038243 -0.185527 0.079984 0.065054 -0.037690 0.060677 -0.038961 -0.101964 0.136919 0.053949 -0.230060 0.020996 0.257682 -0.076143 -0.182331 0.110913 0.044673 -0.129480 0.068671 0.113233 -0.105481 
0.000000 0.000000 -0.000000 -0.124425 -0.044594 0.228229 0.090932 -0.238703 -0.058870 0.195889 -0.054323 -0.174540 0.157564 0.180727 -0.169095 -0.156594 0.103971 0.074609 -0.039040 0.015685 0.015176 -0.049427 -0.008304 0.025265 -0.009501 0.004487 0.021216 -0.007234 0.003088 0.000318 -0.051065 -0.006855 0.076730 0.014781 -0.059136 -0.000145 0.024360 
0.274826 0.000000 -0.687064 0.014720 0.712313 -0.110603 -0.480218 0.305033 0.185105 -0.487518 0.021561 0.514931 -0.119034 -0.358143 0.155777 0.127318 -0.149672 0.040748 0.081521 -0.092189 0.036582 0.054678 -0.135792 0.030263 0.150985 -0.136309 -0.085004 0.226866 -0.005061 -0.247196 0.071532 0.169029 -0.105214 -0.030790 0.109900 -0.087632 
-0.002036 0.000000 0.005090 0.176109 0.060608 -0.314314 -0.124611 0.313960 0.064859 -0.249302 0.109656 0.233853 -0.246257 -0.257444 0.227654 0.214918 -0.104137 -0.073312 0.010721 -0.065312 0.003475 0.091373 -0.002954 -0.022980 0.038173 -0.033427 -0.063865 0.026882 0.016478 -0.005736 0.077072 0.019300 -0.124616 -0.039087 0.087940 
-0.093877 0.000000 0.234692 -0.047468 -0.262185 0.100432 0.193074 -0.139604 -0.054616 0.166799 -0.083189 -0.179227 0.141613 0.154228 -0.093077 -0.075768 -0.018306 -0.028442 0.120909 0.095725 -0.174259 -0.083715 0.180407 0.009797 -0.152273 0.069804 0.093843 -0.111295 -0.015963 0.105456 -0.048460 -0.060664 0.064901 -0.012143 
-0.008815 0.000000 0.022038 -0.036876 -0.046550 0.044014 0.044390 -0.009738 0.027478 -0.001476 -0.121021 -0.049375 0.130803 0.098392 -0.029504 -0.054544 -0.084028 -0.065908 0.104358 0.141067 -0.049832 -0.092778 0.025190 -0.015632 -0.070955 0.065850 0.111176 -0.033973 -0.068017 0.000754 -0.024335 -0.023106 0.065858 
-0.067341 0.000000 0.168353 0.077753 -0.142234 -0.096574 0.074908 0.009055 -0.085135 0.081816 0.167600 -0.064511 -0.189572 -0.026044 0.068503 0.055760 0.110613 0.026297 -0.197408 -0.123375 0.155148 0.126224 -0.078971 -0.053244 0.049998 0.008330 -0.041702 -0.033703 -0.003520 0.070196 0.062874 -0.063880 
0.059895 0.000000 -0.149738 -0.224164 0.096174 0.435588 0.044694 -0.480348 -0.133662 0.359406 0.066610 -0.203592 0.122460 0.141957 -0.286646 -0.183474 0.301934 0.226288 -0.180858 -0.179160 0.049064 0.060859 -0.013480 0.029560 0.066055 -0.029798 -0.120133 -0.021189 0.121074 0.040973 -0.095379 
0.092018 0.000000 -0.230044 -0.062637 0.220330 0.063057 -0.161985 0.030506 0.175438 -0.102147 -0.244538 0.052238 0.232741 0.049366 -0.084534 -0.049714 -0.073470 -0.074634 0.085585 0.179930 0.032983 -0.149045 -0.125736 0.045494 0.106854 -0.015952 -0.056907 0.087104 0.080270 -0.143513 
-0.148335 0.000000 0.370837 0.417192 -0.264142 -0.762795 -0.009556 0.758344 0.135633 -0.496222 0.030852 0.266509 -0.318562 -0.223607 0.448485 0.270208 -0.330341 -0.242198 0.112129 0.121423 0.021654 -0.024719 -0.028059 0.032834 -0.021529 -0.099875 0.072859 0.132771 -0.133587 
-0.003230 0.000000 0.008075 -0.022539 -0.038118 0.055195 0.115252 -0.065641 -0.219578 0.015845 0.270655 0.067385 -0.201443 -0.085669 0.059341 -0.019947 0.016801 0.170253 0.050397 -0.214813 -0.180845 0.106827 0.234402 0.035794 -0.184094 -0.072028 0.137177 0.002938 
0.217871 0.000000 -0.544677 -0.408667 0.446654 0.709777 -0.135013 -0.629881 -0.024436 0.320865 -0.108579 -0.110079 0.319285 0.109170 -0.335837 -0.155843 0.149609 0.097411 0.029803 0.003489 -0.064740 0.005728 0.018714 -0.132531 0.000790 0.231518 -0.011359 
-0.085086 0.000000 0.212715 0.135299 -0.136194 -0.220994 -0.068490 0.155089 0.222149 -0.003704 -0.206086 -0.075513 0.068663 0.002083 0.042982 0.146787 -0.038155 -0.222141 -0.044943 0.152588 0.110147 0.000829 -0.118088 -0.124181 0.114389 0.161492 
-0.203859 0.000000 0.509649 0.230132 -0.464424 -0.369642 0.235824 0.264533 -0.085559 -0.050116 0.105296 -0.055477 -0.151101 0.022549 0.081362 0.004862 0.045316 0.049032 -0.074008 -0.083544 -0.015315 -0.011141 0.086513 0.171917 -0.051882 
0.088653 0.000000 -0.221632 -0.178452 0.131255 0.284103 0.065189 -0.203853 -0.148117 0.060864 0.046053 -0.035899 0.099774 0.133841 -0.136609 -0.195687 0.083292 0.117915 -0.062445 0.025962 0.106132 -0.106153 -0.115585 0.107125 
0.106897 0.000000 -0.267243 -0.027850 0.272712 0.025540 -0.184410 0.023693 0.084300 -0.068969 -0.010860 0.063217 -0.049771 -0.029080 0.094793 0.020767 -0.077001 -0.038231 -0.026456 0.024692 0.149803 0.043143 -0.190124 
-0.015152 0.000000 0.037879 0.086305 0.007291 -0.123140 -0.045258 0.073749 -0.023584 -0.040480 0.154610 0.095288 -0.198199 -0.146136 0.112888 0.057702 -0.039401 0.132839 0.106768 -0.228821 -0.236907 0.124880 
-0.004662 0.000000 0.011656 -0.071778 -0.035157 0.114616 0.040178 -0.081972 0.021357 0.017466 -0.121924 0.017135 0.166179 -0.025787 -0.096927 0.058222 -0.036384 -0.120468 0.135493 0.149535 -0.158805 
-0.072572 0.000000 0.181429 0.098779 -0.142022 -0.196778 -0.027308 0.207396 0.224961 -0.106868 -0.298552 -0.009698 0.182055 -0.006632 0.008557 0.184207 -0.076067 -0.352090 -0.035945 0.302541 
-0.023116 0.000000 0.057790 0.046473 -0.047461 -0.047832 0.054346 -0.012446 -0.133817 0.047704 0.216353 -0.011672 -0.169495 -0.004588 -0.010040 -0.103683 0.154299 0.271462 -0.124691 
0.124781 0.000000 -0.311954 -0.251374 0.203500 0.452154 0.094795 -0.426903 -0.326061 0.242948 0.309027 -0.116051 -0.101039 0.172800 -0.084803 -0.318317 0.107636 0.346925 
-0.024627 0.000000 0.061567 0.040373 -0.045425 -0.096497 -0.044665 0.112528 0.176447 -0.028162 -0.225601 -0.106049 0.096961 0.126938 0.118057 0.049948 -0.197471 
-0.131105 0.000000 0.327762 0.274489 -0.207177 -0.468948 -0.084913 0.407224 0.258969 -0.219389 -0.191603 0.138863 0.032970 -0.205765 0.018948 0.245944 
0.076015 0.000000 -0.190039 -0.109533 0.150040 0.192939 0.004363 -0.147784 -0.150518 -0.022414 0.154693 0.187640 -0.000336 -0.196103 -0.171537 
0.103954 0.000000 -0.259885 -0.182501 0.176989 0.284358 0.013234 -0.199165 -0.094370 0.070904 0.033812 -0.068196 -0.004952 0.140396 
-0.068639 0.000000 0.171599 0.117337 -0.120893 -0.187720 -0.014238 0.121415 0.093077 0.024343 -0.041670 -0.122032 -0.079779 
-0.061062 0.000000 0.152656 0.071137 -0.116851 -0.085870 0.038233 0.012855 -0.029063 0.035889 0.064622 0.025833 
0.011135 0.000000 -0.027838 -0.067092 -0.013036 0.094448 0.056030 -0.048883 -0.020201 0.004272 -0.072256 
0.022639 0.000000 -0.056597 -0.016660 0.047264 0.010797 -0.029412 0.018581 0.043612 -0.016248 
0.040405 0.000000 -0.101013 -0.005177 0.111667 0.028867 -0.053142 -0.045615 -0.067393 
-0.005158 0.000000 0.012894 0.017235 -0.011408 -0.037303 0.002309 0.046902 
-0.050447 0.000000 0.126118 0.057631 -0.098444 -0.110986 -0.017078 
0.006873 0.000000 -0.017182 -0.026352 0.020640 0.063514 
0.032495 0.000000 -0.081237 -0.071714 0.024455 
-0.007940 0.000000 0.019849 0.019054 
-0.016551 0.000000 0.041377 
-0.005027 0.000000 
0.009924 
