20 
Moments geometrique centres, normes : 
1.000000 -0.000000 0.138679 -0.019734 0.037027 -0.010402 0.013167 -0.005024 0.005503 -0.002486 0.002537 -0.001276 0.001245 -0.000676 0.000638 -0.000368 0.000337 -0.000204 0.000182 -0.000114 
-0.000000 -0.065624 0.027743 -0.019906 0.012091 -0.008002 0.005431 -0.003659 0.002595 -0.001798 0.001303 -0.000925 0.000679 -0.000490 0.000364 -0.000266 0.000199 -0.000147 0.000110 
0.145886 -0.007990 0.025160 -0.009227 0.008350 -0.004708 0.003546 -0.002323 0.001688 -0.001176 0.000854 -0.000613 0.000449 -0.000328 0.000242 -0.000179 0.000133 -0.000099 
-0.005647 -0.024998 0.009220 -0.007796 0.004606 -0.003295 0.002212 -0.001564 0.001101 -0.000788 0.000568 -0.000412 0.000301 -0.000221 0.000163 -0.000121 0.000090 
0.048816 -0.003878 0.009344 -0.003984 0.003382 -0.002056 0.001519 -0.001032 0.000747 -0.000530 0.000386 -0.000280 0.000205 -0.000151 0.000112 -0.000083 
-0.004427 -0.010956 0.003696 -0.003418 0.002007 -0.001476 0.000997 -0.000714 0.000506 -0.000365 0.000264 -0.000193 0.000141 -0.000104 0.000077 
0.020527 -0.001698 0.004067 -0.001824 0.001525 -0.000956 0.000703 -0.000485 0.000352 -0.000252 0.000183 -0.000134 0.000098 -0.000072 
-0.002955 -0.005214 0.001618 -0.001607 0.000936 -0.000701 0.000475 -0.000343 0.000243 -0.000177 0.000128 -0.000094 0.000069 
0.009722 -0.000706 0.001925 -0.000870 0.000731 -0.000464 0.000342 -0.000238 0.000172 -0.000124 0.000090 -0.000066 
-0.001898 -0.002620 0.000745 -0.000791 0.000456 -0.000346 0.000235 -0.000170 0.000121 -0.000088 0.000064 
0.004956 -0.000272 0.000961 -0.000428 0.000365 -0.000232 0.000172 -0.000120 0.000087 -0.000063 
-0.001210 -0.001370 0.000353 -0.000403 0.000229 -0.000176 0.000120 -0.000087 0.000062 
0.002654 -0.000089 0.000499 -0.000215 0.000187 -0.000119 0.000088 -0.000062 
-0.000771 -0.000739 0.000170 -0.000211 0.000118 -0.000092 0.000062 
0.001472 -0.000015 0.000266 -0.000110 0.000098 -0.000062 
-0.000493 -0.000409 0.000082 -0.000112 0.000061 
0.000838 0.000011 0.000145 -0.000057 
-0.000316 -0.000231 0.000039 
0.000487 0.000017 
-0.000203 
Moments de Legendre : 
0.250000 -0.000000 -0.364976 -0.086336 0.038132 0.249576 0.190793 -0.272553 -0.195421 0.106019 0.142583 0.069443 -0.076705 -0.148696 -0.016910 0.142904 0.061925 -0.062774 -0.037705 -0.014675 
-0.000000 -0.147653 0.156057 0.255520 -0.345186 -0.098035 0.218652 0.001524 0.029853 -0.062221 -0.084759 0.043747 0.048019 0.032359 -0.042229 0.003832 -0.027299 -0.060777 0.106587 
-0.351464 -0.044945 0.582414 0.070380 -0.147857 -0.032403 -0.322481 0.047214 0.371948 -0.047634 -0.121309 -0.102899 -0.039238 0.249993 0.044222 -0.184586 -0.062832 0.036199 
-0.024705 0.188681 -0.181900 -0.342855 0.556847 0.121535 -0.564548 0.124339 0.252664 -0.136325 -0.030306 0.070193 -0.010360 -0.020465 -0.021970 -0.071686 0.103690 
0.093367 0.087717 -0.258171 0.077719 0.193469 -0.585564 0.129381 0.668791 -0.220685 -0.247234 -0.040659 0.018857 0.116010 -0.077419 0.092018 0.035490 
0.040009 0.077653 -0.090698 -0.080370 -0.105013 0.005663 0.545959 -0.225262 -0.676867 0.522752 0.326780 -0.401517 -0.058861 0.075862 0.090332 
-0.064414 -0.005812 0.076581 -0.109187 -0.008015 0.401471 0.049696 -0.561162 -0.104638 0.333154 -0.002561 0.044255 0.203168 -0.166076 
0.004980 -0.155918 0.103392 0.218693 -0.147686 0.007203 -0.150502 0.010910 0.389283 -0.357199 -0.198700 0.512827 -0.095267 
0.181491 -0.094985 -0.094929 0.118216 -0.228249 -0.010680 -0.013392 0.095825 0.372380 -0.178066 -0.193181 -0.070609 
-0.025288 -0.025757 0.102938 0.027454 -0.065975 -0.046295 -0.153710 0.152716 0.231482 -0.059403 -0.123345 
-0.180766 0.027078 0.153478 -0.073332 0.209293 0.074686 -0.166632 -0.015002 -0.295868 -0.051427 
-0.018027 0.046863 -0.058595 -0.042997 0.098923 -0.023639 0.121393 -0.022604 -0.270394 
0.161412 0.094297 -0.229906 -0.092292 -0.067866 -0.060253 0.246404 -0.039357 
0.040864 0.095802 -0.108505 -0.143815 0.093269 0.015892 -0.013059 
-0.187172 -0.047236 0.212845 0.096122 0.103986 -0.113981 
-0.051789 -0.113352 0.111416 0.172628 -0.063788 
0.144017 -0.056070 -0.086924 0.099050 
0.078726 0.042378 -0.070615 
-0.077356 0.028704 
-0.038645 
